noise setting: 1 0.5 0.1 0.5 50
8.248815700781927 9.866151443250912 8.84653133228788 -5.64752733845684 -8.708603604330698 -6.5133815002913495 
10.172711476066928 3.5919630916106815 6.706036283396567 9.201193173215945 2.5315590188353374 5.280271439689736 
2.8183069030430135 14.947005263318509 2.808871407471678 -1.89943144283498 17.684387993757817 -0.9112412310644873 
4.260961681834789 8.424664010794574 2.574284309461697 -0.7113781330715855 9.069124820633432 2.6706188435399483 
3.5577886671312153e-06 14.745507855369388 0.0002560377616834466 -3.473223025659707e-06 -16.838909925113764 -0.4727712342649599 
7.592340081513495 2.3519962912652366 6.076064618376748 6.29051919883787 -4.024419226758548 -5.719409945125878 
3.3793529058195917 12.41416997444837 10.261275326638799 6.026662947984327 13.58475320871501 11.90827242815373 
6.2101001017539655e-06 9.837654037726505 0.00023036165026247884 -4.554972144993048e-06 -10.418468132034187 -1.399809584934505 
2.9846803812657536 5.127198376501371 2.7885760956532253 -2.6455235334104765 8.08320871275284 4.605806383801878 
0.51355272057222 8.923456371566445 3.1097098562324375 2.004070584859484 10.35500990808614 3.8389652858619034 
3.575503765496812 4.333472512240981 1.4070734711715125 4.111038373895046 9.725868955667265 3.7433201235246587 
1.9541344625768393 2.842558063417338 3.1657395095862517 -1.1953748297393378 -2.4828346146779006 -1.421503984580185 
4.946446996392452e-06 3.4054117853601467 0.0034565859499852618 -1.821419972451936e-06 4.157857186987939 -0.6284862910291529 
7.394765171524935 10.964447337310755 8.828000159892483 -4.559922862686151 -8.726210056704772 -4.929645755357278 
6.853315663728212 20.068597995739335 6.450665270517172 -10.284259147395506 -21.350351937456644 -9.344356704255128 
5.030205296491601 13.187289178205127 9.248971058567477 -3.1955997093535746 -16.97724900709653 9.867590749866004 
4.104432552204624 5.993174221950322 3.5502161212985026 -1.8967203333456957 6.348183874108207 2.362228258150321 
7.305876960678579e-06 3.2109305588241943 0.002766305758852205 -1.400665315520225e-05 2.709560127927337 -1.3893773251338848 
6.437381441874736 13.155386249667437 4.883171871058046 -5.3069942915699855 -7.827469647779799 3.5541087880473428 
7.618721235831117 3.7017237667966874 6.6771608505622675 8.587529438735519 4.032078576343578 4.804157698372416 
1.0753045257169394e-05 20.860244469575832 0.0005041505391999143 1.0421938664428324e-05 21.072844256952216 -0.8902215282715882 
7.198359047532348 19.092977644876935 13.25268144146581 -5.328446736326445 -16.15645308247015 -11.99299706747182 
3.2566451123981306 7.635626412464582 1.104554475398415 1.21941857552202 8.233077854999152 -3.0699832970019005 
0.9485513897937129 6.568510690130547 7.464841052632408 -3.6990672376789915 -10.96473133185759 -12.066190388726104 
4.138118862610045 27.857934952868426 13.433524022604916 -7.1152674254875015 34.31257230792688 15.457370554619143 
3.3577303261657914 18.16855712653664 8.25356928922988 -2.7839985208122284 16.98542916389219 5.9621902606947685 
7.500608212792517 10.55613118728447 13.854011503108632 12.22206804494514 8.905358556927563 -13.337426850524155 
6.548637879571796 6.513312695918757 4.200479033716847 -3.7840442533389704 9.272197408439723 3.266166568933609 
3.8060222838347277 42.234685249230395 15.304346018000405 1.2679677780781347 -42.53828247177185 -15.39220586687579 
6.0093525249359905 11.389254877884802 8.174172916897122 4.239259752931776 6.302867937982383 5.7740320760013715 
3.6733661224679675 8.339041330014854 2.105522590470028 1.96199169712271 10.924939543510876 -2.3533103359431435 
5.5305330650819355 7.801021524403223 12.131822814363032 -2.471498032864889 -11.023341998464034 -11.689262807696114 
3.5756491635655716 12.281478266537485 6.0078576760522315 2.7658576128348913 -15.185135981988035 -8.542589423951322 
4.223914988716545 8.172618189483378 7.982566450326923 4.515587621212646 11.611327966079683 4.52048513416599 
7.783011888350976 9.030213019937932 3.4820540161333695 5.002665323319976 -3.5828728195008366 1.0406983131183845 
5.708167534967532 9.448570114307586 5.497967326124569 1.4376324176817017 10.517040191310965 7.005921308141382 
8.155577788909905 9.744770041656555 5.539630428395717 -5.624738089617029 -14.486890379145388 8.172666390806807 
1.521140740287474 31.87544649493981 8.691369924317765 1.1263899839802458 31.334442866793168 7.029750703224588 
6.022959085920376 9.638323778802826 4.864946531187509 -6.365961252824977 8.447042310619155 -4.090385664047973 
3.35300932310628 11.291343026323618 3.5123696189766993 -0.827034745891152 -10.113985966038346 1.1865844082996044 
8.379346173184343 15.544350824438323 5.340819512005822 7.324044229956872 14.903258675536707 5.370259083957651 
3.025500573403644 7.493027534785585 4.050546590027255 -1.2352885705683698 10.053290396396577 1.5879775957274154 
4.502738368411471 34.17312120997966 6.029087112094302 -5.36047114496418 35.02635180043022 5.0652491027242466 
3.480378117242962 8.337457068518699 2.8781228755375854 0.8100944109393289 -6.465686855889934 4.27109497702717 
11.637269354197487 19.727208059353355 8.924985607366002 -10.245616709120487 21.119825115213924 8.711426566889614 
3.5006530135401226 11.113644641314462 6.503032954110449 -5.312316993502622 -12.888300938615123 -7.674337986990482 
4.028754432149727 8.250936317627078 10.920621287314862 -1.998692717067175 9.570103948466574 15.660666788194936 
10.689066617597092 9.649011468705009 4.070375683384195 -10.618693888442406 4.050553832121736 2.5321219802824935 
3.8427201475731305 11.011228907356472 1.648561539607044 6.099936496626572 6.149171166520856 -4.684555293424347 
6.045783248746724 7.826274541921875 7.313563231934989 -4.088047663491907 -12.556897840546595 -3.8645389451403167 
9.36429184078168 14.233483410148407 5.668354602692962 6.238918157685709 12.51715004854946 3.21194058647575 
4.0364141930745125 17.301892389270275 7.008658936808148 2.097079063874324 13.558320006536194 -4.4657135373349375 
3.2955424905371165 3.4637177468849667 4.854825337097016 -1.5623664117320186 -3.582455475308941 -6.043219232123814 
3.7908649085919923 11.116045854536713 8.258435414514409 2.3906758384759463 -11.354940612004063 -7.63619269597079 
3.898254964016789 10.881440137702162 4.651495656923473 -1.7860357034276713 -11.85025927622402 4.071673180735724 
2.3961227410642527 4.179617302870441 4.08488762316804 4.371587866772019 3.8950286109702548 -1.6391912955490529 
7.0654745274078445 10.361420962388692 4.995507318098199 5.5542516395327866 10.08449927943107 7.87253975620079 
8.879055004894914 3.466615081905002 6.318421412786382 6.658147140403623 3.2470175770126954 3.446274982023913 
3.788367977700473 3.053189980888837 5.984475007540903 1.777650023280504 -6.038509185251216 4.264599892508874 
2.023212850948925 11.798965686650847 7.742366071063739 -4.185692985514202 -10.367462715307315 5.659348470877029 
3.14724041992533 11.91905264961543 6.032281705065543 4.684604934268821 10.400389827264329 -3.66033764089258 
9.389699002804223 29.22532012693069 4.530050343546247 7.4674501860948315 30.047772618690047 -1.863384940230865 
8.789850281021835 12.875011141187114 2.478230495350712 6.056075305044756 10.151484633063967 1.8787592022100295 
7.3699329592420515 9.869432427119719 2.1048488211709575 -5.584339147843779 12.92099345631259 4.371729529087896 
6.196799749479136 16.627804072199766 1.6583395330327395 4.0709709002297645 -8.21770292774528 -4.721314028633041 
7.545826580462544 5.929311085099029 4.604331371088155 4.496737734548861 4.688592241284004 -2.5117936668175482 
11.201612956661231 11.820173836813595 6.189552514047659 -8.357851179456032 6.89582719760669 8.975845091628859 
9.174509447413417 29.78449471986426 5.274211283442348 9.196914870665468 29.409709795157507 -4.341251976249593 
5.627547882700221 14.381220225448304 14.762710254392431 4.367412295708893 -15.127410163819658 13.636114565007487 
6.89041261465582 31.043331666627324 22.153131736477764 -8.988258686422455 -26.795441271466284 -20.855951117234948 
3.399863919199373 9.955857490506274 6.888046059106794 4.408252423267646 -9.280777940305768 2.4030529672086596 
5.140785923930247 11.829899613701267 5.430059634765978 -2.77864648569975 -12.967453111070746 -5.648985751816972 
1.7234515001871653 23.91670016656509 3.7413273607684445 2.913640231877065 24.084511459889875 4.211163640490502 
5.717488544394889 6.330025175489354 16.222604018072957 6.449384879581585 4.743128693841147 -14.634796126239323 
5.173386657601653 12.501529380679623 5.163285395757666 7.017409533481 12.234769544898912 -3.9802395914971824 
3.494516799104347 9.792796496237383 7.993712070429153 -5.610707630986857 11.597920171856464 8.118647207889712 
8.161142359099966 9.538196207076025 6.211241332212661 -6.175769744147157 7.011569265042467 -2.9557457565593266 
9.184990165304036 10.04321190393349 6.70660902741405 -7.29640186989057 11.650191546240196 7.513776356305058 
3.2805506715718833 12.59901394833917 8.009769276315637 3.1695257055888137 -13.72242201883256 -9.136974821648662 
7.382267153689621 1.029213801733189 5.582211700168914 9.745688424441292 -2.32714739325456 5.214470531529902 
2.6713057510394296 3.443962970293261 5.495515369372249 3.911848870461482 3.389753548343311 5.068470989161396 
11.854808397843312 21.788227047886433 1.6011615477953949 11.640688269269761 -25.889277993258478 -1.4531854213938056 
11.87012878437899 19.137009594102075 14.169983159162289 9.791563964094511 -17.57046660922048 12.780713030139719 
4.824654101827256 16.542845847744733 1.3991841226754174 6.636821905175418 18.927836365975 -4.178701993109327 
4.189271718621528 7.833106431776227 4.67559991926794 -2.577623270207655 9.372311364783464 -3.5467948365174387 
2.432875581735149 9.425526856503026 2.863566693325968 2.6971943053942464 -13.20907498169662 3.1583323739387867 
4.525298250257957 15.57216465025665 5.019575328024479 6.4740270877350845 -16.56296421510079 3.7716926844627254 
7.754046049923597 14.647697997488677 5.227859316920607 -8.713474370836297 16.803344252442855 6.422838319142255 
8.102631515453066 6.1616295250208335 7.930986295321387 -5.517597529686192 -3.4406713277250707 -5.278201585079271 
3.1433839130435652 4.627429476557138 12.338438210201721 3.1197056926746027 -8.979880725257281 10.194150276732673 
6.436684949929732 10.233146783241265 2.5969064635207246 5.809410818991841 11.351364097484463 2.901417552934723 
1.63781378418126 2.8853941541097368 4.222705180897477 -2.658169894290691 -7.317147606572813 -2.3854988915368214 
4.662658671252781 27.928766120809378 8.220905150220167 2.9552437650049272 29.955106272521075 6.209215261233288 
3.7190234003054288 12.320508670967063 2.1825998157284885 4.738702320934472 11.561057056674949 3.822932694274881 
6.644181466756448 7.27020011711365 3.1241919885842298 5.5887791011904895 9.914492608312226 1.5748449682518424 
6.431405503699552 33.54443214281189 1.5947653896234593 -4.982540260729194 -33.74835805245319 4.940622796512915 
6.263476026744351 6.766476643176001 2.1664012656580995 -4.661422281447306 -7.517377579116973 -1.2720441617560958 
6.073296383970372 6.276265697467515 5.13621032838104 -3.199775053225726 -5.307245677874934 3.128674027093588 
7.8147919666103824 11.742357246359447 5.224025625767821 -5.073001181108354 -9.231951859450932 -8.94273721500224 
11.24523949118624 19.45605466967654 4.4324025595736565 -9.245069771716114 19.013636798203272 -3.024540453667221 
3.186973331087087 10.872391984191708 11.846106823039822 1.6544125765744677 -8.394932359866079 -8.783461068400149 
3.689761432512897 6.786419583999802 3.420585739833561 1.6632284094686298 1.9618486167088305 -9.345213547600013 
5.299456105712553 9.953482516283144 2.350586548868919 -4.58598616594669 10.631111477237013 4.150865041893176 
12.864766619511668 7.249133063691413 3.308942428280508 11.40194606747688 5.180282918013343 0.9402821987699692 
4.667638395505127 7.575974477726409 3.534359077537192 -2.845137060781503 -7.4395002225015086 5.313560658131397 
4.815849574386002 8.093486124705457 5.782635914931992 -2.402664464742429 9.598184736542134 -7.422871075751717 
4.862068869968297 6.167123380477841 2.2112097804620716 3.0982940648355286 2.6648888877163706 -0.7598420853232434 
3.103486884104838 6.559542711425121 4.573157774101291 -2.770216877563194 -8.672914036828294 -3.037455568363772 
3.1382485266740727 6.355819246075843 3.8073850966701865 2.51948438695559 5.671348421057091 3.0286244411529117 
4.312048722596264 31.76845825905966 0.7876246827900572 -6.6230536097226524 33.70455352746035 -1.5795419438471023 
8.407406115184578 5.869515156696852 7.346486929718814 12.885134651489244 -8.311815637639647 -12.390352132775147 
5.410996871519229 30.95852202891085 3.690250402633185 -4.076291577690316 29.745809495736253 -5.99055111224575 
8.674318768302943 12.008472988750727 4.167327999610123 -7.086794204192106 12.391711129377828 2.240116386863758 
5.7516977982428665 9.624581940219464 3.354538800856465 -5.693453442204533 -11.376928874041361 -3.0774043931229853 
4.435966745172247 16.978622785806838 6.157958289964456 5.853647097382366 20.64393596549208 8.299952340905614 
16.699968977120076 24.873481224193473 5.241929720427545 -15.310433519489411 -26.08144437364211 -7.677156825446598 
10.038292121152672 13.803400105104748 5.359643045332525 12.71559414834164 18.187983379238126 1.422416181354797 
7.176174411779993 15.360823465820054 1.6964505847232276 -5.242443912115994 -12.644681444162932 3.828547838493803 
5.39936467566368 12.621094903108093 10.850748758017751 -4.139329822562839 12.217785107394828 -10.612294717697466 
9.988178103308094 16.40958172656998 2.3168932100985016 7.649187676698082 12.450020224929576 3.643135567411643 
4.5267217741945585 11.742390919138542 3.5666667921189625 3.206885576425759 10.317726837262727 -4.006946318036701 
6.6154632763796615 11.475619172222748 2.101093365763489 4.112905815084331 7.5419769176584985 1.1988382755591664 
3.1569181964756825 8.271159049230393 2.490636164738532 2.3293283573473476 9.23540444863619 -2.147128593072801 
5.121435598003133 34.211868912898325 3.739241792352152 3.623534990155332 27.445656872930904 6.721322471621411 
15.780263114782176 20.275854744358178 8.751225653266802 12.612724694534917 -21.067904510980345 3.735361800341237 
