0.6461452510371617 26.729978628091764 17.6605276165534 0.6402045790373744 -29.39575422211954 -19.496034406632855 0.3722804772286946 0.3804040368888835 3.7066002343298843 3.8662227082696434 2.156848862315793 2.2443093252386506
7.577754362089523 8.963675669330069 2.95649375254011 -7.270176359648034 9.098487089918958 -2.093388065632721 1.1843667886714437 1.201681082719103 2.3461262711780813 2.3784225904918768 1.807958827361493 1.8396701174829506
25.608942571601176 35.51508602820064 19.241957068803 23.754105569833477 37.87430032803542 18.342748959717063 2.623716551766276 2.714867454767698 6.8062670103879155 7.018882207303865 5.586122463082548 5.761781931169862
4.802515028546502 42.77074633559078 25.470849110147125 4.683181042429113 44.93566413930391 27.393138422834404 2.3800867290596486 2.4547352875642163 5.0476424779773685 5.2086083417927185 3.3838191154264505 3.5421254838290124
8.866718613172639 35.13964064694683 20.38402421681206 8.318848456657827 -36.83225441956897 21.015898598327844 1.9977481406220288 1.9805110779662278 4.022327637589349 3.9981939548465975 2.5097551425446003 2.4802348852192178
11.077143960520594 37.863078846089856 32.232905517060104 11.88700322104715 -37.648354295321134 31.791998767308243 2.7618679312152947 2.8786288667812974 2.7814958062562902 2.8811375151028744 2.41160501809584 2.474043276833361
10.22838036986667 40.87210881797924 3.919737141377991 -9.42901264614795 -34.29220246694239 -3.59689999188709 1.9853834651281232 1.9509369824226126 5.641937812141739 5.545490587478638 2.193445798302327 2.1636284501226015
21.342085527336906 11.067058795633278 5.406948644661571 20.005798533394046 14.130641081440753 8.082121334570822 1.9837064304287053 2.0340242305308616 2.8905312333080864 2.9662655013669186 2.758977650302401 2.826374846244226
12.62934933206779 24.410178404267132 24.442850261836156 -14.112391899278736 -26.65193651256977 25.094994550983145 1.65134974681417 1.6776153581309046 3.118370089011669 3.2135459178398165 2.144158626729836 2.2198769575168558
6.113421491808913 25.95051442636584 14.610197354725045 4.670661568621455 -23.50828839460938 14.237195037620335 2.068281298519211 2.1266104970662263 5.114652749080454 5.188409615040957 2.571457447609015 2.6250237003004737
5.5770701981934705 26.50543363214872 3.554718355254365 -5.712049091757432 30.414910979304324 -3.830993165518726 2.2883990818177002 2.341370875320769 6.8428369517038785 6.992754900586855 2.3496497235536213 2.4084821697138032
11.874156884875976 23.416169079949597 7.573220937238258 -12.262008655276954 -26.855844046230963 -9.111996371429093 1.9743322579735267 2.0023792240232003 2.9062440647627192 2.9041594557725063 1.9714104045505174 1.9748973710203521
6.892127937125094 27.87197731003674 12.573164350729641 7.317616646110048 -30.056069960262832 -11.544734845978782 2.094431105557668 2.1296061050108213 4.207403331049809 4.2878585420855995 2.913767636531385 2.9565469729445235
2.114222328816453 22.189384148709582 3.4228931282554687 -2.2192097354136155 21.66565231374363 3.0729315809765874 1.102580314329654 1.1157901310200518 2.4312931823911397 2.4657847856267665 1.082188101652395 1.0909861643206589
12.806328082427273 50.187322625772055 44.16487603763594 14.238027692967112 52.051478938884465 44.01775039681624 1.8180923639074056 1.837697563987821 3.9169819062806304 3.9810863106810856 2.329727198285489 2.3583964415096386
9.630127335986927 22.06454117927784 9.702329287487345 -10.354816907376616 22.214708078265694 13.051705702652132 1.2090880012143905 1.2139363769016576 3.936536724351278 3.946219864468042 1.7561349146277656 1.7755924437270516
10.235198517535476 43.62724823326167 34.38368685531145 9.970695058718153 46.34446051894811 35.346180936809965 1.3372229260433528 1.399846467800487 6.852611747474488 7.125367901042547 3.257162834886131 3.425828426658125
11.781406775052464 62.53322644962341 40.9728408966838 11.483777016423568 -65.46836085583845 -41.665377615900084 1.2992949530198412 1.351534903801688 5.5665289398574425 5.777376935701271 4.186054313545272 4.336349041293763
39.98131876280413 59.28990527185758 8.790183294519846 39.241861682494275 -68.81762862769884 -11.217515896039874 3.8051883598344602 3.8230921116147 4.397436477490177 4.49695505671471 2.748892298469176 2.7984230673961967
19.087082841012684 49.877533071668026 39.79303919649901 -16.96395664752498 -48.263203025076145 37.076136687442364 2.2950720089191075 2.3767446979976072 6.35254359101638 6.618016715587838 4.048433405305563 4.2040167154456825
11.427757869464513 22.69788847955394 8.933979975161478 13.428442506899657 22.589061388875354 -9.153688916415154 3.3810774423748073 3.4355380745476034 3.6689581934687325 3.702483604651101 2.9483328968692737 2.967324135545021