noise setting: 0.7 0.05 0.001 0.001 50
6.273043936875953 15.757703236847007 2.8515574105277866 -3.5538823843011653 20.630190256128238 2.069721311243954 
3.2411670509971566 17.26174535737091 4.2038557438596635 -3.694969183319895 19.959342628196808 -6.140374705234835 
2.5046248666197206 5.037803765377222 2.6366562766606663 1.0352738823463565 5.698238726996603 -1.2926438125060924 
2.601735137322727 4.668032543926923 4.053019306309634 1.486228676102689 -3.5545544879577142 -2.76582154210812 
0.838315107504293 10.620286767149562 2.0900293016532396 -1.452627970896731 12.707738900596068 3.924567630016059 
3.3828632675077452 11.431753628691675 4.161827575873578 1.9753057568279788 -12.486002079212389 -4.180689213591661 
10.51368536412471 13.585313888812925 7.870511626530866 -9.20294284830966 -8.638113994397093 -7.530363196327812 
2.746792114950698 21.690261729592393 12.630667706070156 -3.6439996891358186 24.431795331179174 13.46783892733126 
4.12593993219721 5.234500493559965 12.31269721042667 -3.1225884613417354 2.0085263242634337 11.533298982373957 
6.317818834993673 6.215188769359113 9.363858004562546 -5.5410634159331345 10.044590928531132 -6.849318620586977 
3.392579094412851 15.059536771468983 2.595320086186016 2.465555970487565 17.492919792890806 3.510454572642975 
8.860968980389178 22.06307103910082 9.711789116538595 -5.662411860889143 -18.320326536007197 -5.307289388453742 
3.8273645543694155 16.1440930892743 11.292687940203592 -2.1408826720102927 -17.425567173758083 11.573334024805519 
0.9142216155647305 3.667875906159032 4.106927946242254 3.155340505450274 6.137890993029485 4.197836955025622 
3.4177233742831157 14.925020693470875 2.0279864298144927 -0.8553675344449151 -13.13007951908378 2.8332747957104947 
5.1890166612589885 8.1058433082126 2.763285064136256 -3.181193060818197 9.488791710188444 -0.8787214004618482 
3.1426524538251703 29.08462744923077 8.465250657441459 1.2708735176321506 29.56784592347836 10.150701787192121 
6.36445169918008 5.879432449835521 5.043481270179782 -4.517815145027115 -5.197551663358834 -4.3938614156785265 
4.83094520685862 11.414276557849655 3.4392891802699816 -3.3191096376874167 8.152280305391761 4.362634844413348 
1.8685343407452941 3.0911233690182374 3.1963846388141492 0.9201473528233266 4.453057545211559 3.946090672005567 
3.073594949146261 9.748837754408793 1.9479452765847542 -4.691871850826749 8.034697880524215 -2.208146448921967 
2.493644739486494 9.426244834593628 5.613626457037636 -0.7359045273227537 -9.137313409704003 -4.874127248497615 
3.596299839188319 7.273981820857948 1.862480392927391 -4.191609943755792 -5.540284642090439 2.0559148056921677 
5.572512814075612 14.772471581774848 6.728253267424204 -4.827896203051955 14.866985793425478 -6.80172808040912 
2.5412700966066977 17.202506625428235 3.448523659537466 -0.18985540155068972 -15.906363519168615 -4.906549754656914 
1.8275292586606824 6.390455310942504 10.149249968615525 -0.9504644961854462 9.814384697600168 7.016631887226782 
3.623014400036691 7.542054882306393 7.726152846834369 -2.490544016877441 7.333795213719439 7.979195761660506 
1.8084381030014893 25.43571295018788 12.976079379809631 1.5784046772105507 -24.611332700926187 -14.722623003889892 
1.9489717706897454 14.094469593029112 3.546175697368853 -1.8917929638758708 -11.136756754451804 3.473591657431576 
7.504096641915796 10.99630181818985 3.6868486218565475 8.977595125508213 12.012024054745876 4.426909884496941 
4.087643566352755 12.515891574163179 9.18121080277055 -4.746975265616548 9.530851540752543 5.703060666339645 
2.996516633480331 16.029972587517772 1.8559390484364635 1.8688849195435817 12.619388951419053 1.3137130263338637 
10.777309019627769 9.416375037721934 3.1535954354213596 -9.000674148329322 7.5726469986747995 -3.8676798506215158 
4.496312622277166 11.18041238283955 5.603581922649904 -3.2368059917192284 -16.106207172486965 -8.002257332474068 
5.585780031413288 5.438394467345331 6.0161106715828625 -2.2935924197473034 -3.6227181092839325 -2.023396923415852 
2.4543460180859866 12.257634864034916 4.518057423073362 -2.2085824920112263 14.649641663550058 6.837159732587122 
2.9625967954374066 7.178329133748654 6.259361089011735 -3.137702372521161 -9.434100008027468 4.630582380183039 
4.078533511259717 58.061755702458726 6.116019106534148 -3.759280884057402 63.995006998289654 -3.702384624552247 
2.5655481991767264 5.782779189462079 1.7344774629474426 -1.6992296996370406 -1.6288339379828396 -2.5741605822162823 
2.6063438996071917 18.283280631366395 4.253058836048455 3.465058923315519 -16.946508311491126 -2.133433958935424 
4.84995739917931 7.280766532825943 4.564354176541892 3.3547512412024583 -3.219117508305949 -6.943527019236829 
2.353750087962565 31.27511035007111 2.3544776851616236 -1.2808735716913433 34.19796507045878 0.33943635108643283 
2.141595175071276 11.689727542639694 4.467637184919119 -0.9941673426204061 -13.427099922527464 4.7910169364810455 
3.0035870277260672 13.56631852208017 3.1838556432588927 -4.494177724564634 13.787987322435459 2.4892445114776534 
3.27060981674314 6.020106677492199 1.5593742093519845 -3.638960032647023 5.337601992132996 -1.9048914158712942 
1.0972009398361675 11.900695355808677 2.6207745261728443 1.1484887138933244 11.87041344756619 -0.28803510529979015 
2.8705075200262984 8.192766165819506 1.949001328600519 4.0733900894245565 11.036069191902481 1.7067138760854967 
4.848448382096054 11.266644856335564 4.950806599146337 5.897996172919654 -8.803082454940206 -7.141404343692283 
3.708841299770254 5.387434004903198 0.9969807451135632 6.314458492100412 -6.093201486264574 2.5063468072415995 
1.2549069346490271 4.2525673031358435 2.1296592282137135 0.4488333895365689 -3.229877210373451 2.042990637950798 
3.344016590983356 9.539257587647228 2.072981048681952 -1.8678095972054143 -12.508775729532044 5.3271361014084775 
1.7030490760451853 15.413266729451692 2.297677386117403 4.166950744410211 14.961125130257075 0.9426818043545492 
5.187253926298794 13.60334198348078 8.241026634295737 -8.072167439688425 -17.251358712289495 -12.734859605373815 
2.367089515882183 7.9459897849141345 1.783684824337258 3.9867511066475836 -6.154530984864951 3.1234342869797076 
6.877553569474235 22.481781536819092 3.9360397441325268 -6.101238445210127 24.618285467847524 2.477707276114655 
3.072713004981364 14.503337717188192 2.439351104131514 2.1239820036759167 17.590814946379716 -3.691393965132626 
6.9701700851535 5.50096468847784 0.8209290961369303 9.124847547655058 -3.4598359942624772 1.4889747731485101 
7.968951167912936 15.768076437332038 5.663513702257404 6.361039798184473 -17.344512602061787 5.641832344813492 
3.077502053191387 4.546650098971668 3.9443113758810955 -1.3795941530351978 5.45555535052125 -2.9343956670007594 
4.883622854044849 12.823372324375073 1.8128618227815005 7.160258013235585 -7.972516228443122 -0.33271531185391656 
2.020348407983936 7.789957214404457 3.1310273298284454 -0.9818954346151954 10.006926481853615 -2.679386173702886 
1.5760331649362955 17.127289106279658 6.003153600887356 -2.1102389464727658 16.20755658423671 -3.6332523903961653 
4.68700919639104 7.214826259624561 2.331435389110976 2.7490492816454446 -6.808148431109635 0.951206730365756 
5.974408199305637 16.600658117406375 2.3256885670360576 4.617609103759825 13.997483679223764 -3.2685053755685884 
4.203510513151896 17.460126239669076 4.877704302443973 1.1373530535787502 16.958423791172212 -3.53199475852077 
2.2390594075670993 5.733976768610924 1.5762394154847743 0.9571833106678096 6.8415777368689 0.6388508713016989 
2.900458401964328 10.24326886846566 3.1835728314251597 -1.9824074741014703 -10.178460075063297 -2.4639257953711495 
4.650261316739249 11.91997340003754 2.379130683948632 1.7382098041257723 8.292351505811517 4.036931301669487 
2.8090097658001874 6.291409207873431 1.2007914907828279 2.1632836476118937 -10.350037951675633 -5.0330084118272405 
2.389378613629551 10.760734464288301 1.7486208144936786 -2.257464369924178 5.0815157495502845 1.846711433485704 
4.873143525029609 41.518855578785555 4.839391406066598 7.732873123697635 41.33676308765319 -2.2770282650569156 
1.8001682445631926 14.675253989728025 2.4785391203368796 -1.3779711706108582 -6.851932773517047 3.0438621458022674 
3.4032860083081826 21.16656111824389 12.073062093979924 2.911803769472353 19.899057739958007 9.566540188883357 
1.5915582759667262 33.82831998457284 2.9721673890557008 2.751313679611259 35.74902216410032 5.649887942135358 
3.1267608454348648 18.690689213912588 4.357050739583278 -2.8118769640539627 -19.03193305939485 -3.005865798147115 
3.5521085789357256 17.133176697066425 5.999355810587852 3.225439539381277 -19.794868904960026 -4.830445367592333 
5.261909244293068 7.287559436421595 15.40834440167592 3.3792643516986134 -5.018139994643756 14.163189487440311 
1.7920778221815548 13.025893026478288 1.3956136847188685 3.338728759282769 13.041394940756764 -2.2313977424178435 
2.823230495794679 7.862790189176269 3.2918175800100573 1.5355058160002506 3.0449041791366844 1.0340500420410765 
9.54507925810095 15.759339104210367 2.0153442476130357 -10.606370108405002 -12.767276231700363 2.455953747693301 
6.131154548952773 3.3163938083774487 3.4621917856195705 -3.4133888048789474 -1.4257130081872431 2.075202287624428 
1.8941672764470496 21.492859065186014 4.915404751905481 2.46023670913336 23.512055596010633 4.128163531090534 
6.674671609297098 5.520339335543098 6.864535200013934 6.955375202290031 -3.892436299576805 4.304259102928621 
2.786749768063721 2.4004665265617997 0.9356324348393474 0.9836668951521131 0.9969604060337129 -1.726934111053725 
0.8854465570785619 9.592364440358839 3.0337709461486253 -2.553805803404425 -14.052470531340575 -1.4871436673242822 
4.329581093462781 14.759224196901513 1.5099159130113504 -6.764198753871653 -13.04309496877118 -1.4105342227816644 
4.670954822700802 54.825285151634525 2.5578957467966434 -2.5195220106833163 64.64163191769374 -2.1943448337827602 
4.46644703636409 11.558178956155137 5.628238220778381 -2.949551719462592 -9.236699261446493 -7.617280158899104 
4.094767841321688 10.93170686399323 2.3271108504192357 -2.9629085745736776 -10.2379167130186 -0.426941861551603 
9.370793647000262 14.209476239592595 13.17339458983035 -11.75419056241873 13.88594371241875 13.639099554811771 
2.5928947091698853 15.25646955986313 2.5310590815214575 3.9575751572867306 15.205278888477507 -1.7601828966673048 
2.2491639704231328 4.398614009140872 3.993305176133636 4.840760983619479 -5.896493660287465 5.7191687843084855 
6.064083760260537 16.460082394220574 3.7184140104776113 -8.717015096528218 -18.21012649876267 4.889135906788743 
3.479653356596525 3.185580898211956 3.4022211933156017 2.0484506773722204 -2.548884158940253 2.026958047341236 
7.890935060934588 13.449858585661135 4.357555475022486 4.352493378174136 -3.7698847848541495 -1.2068691337951738 
3.459097628486204 8.872618567100053 5.115863979258298 2.3549414348957933 8.410526222423684 -3.2447932997970184 
2.4344728030707814 14.530047525485307 1.1432960488642612 -4.402315300178833 18.864107247356003 4.216697780677909 
2.1687289359842756 3.303339450264597 1.4552664010884364 1.4136267060549315 -3.326359920291425 3.339220693014866 
7.313988852751224 8.177471920490277 7.885188449317118 5.3604130959224 7.29341198769453 -6.789462550728852 
2.0905459836765266 1.4743368986608891 2.4314127484758368 1.3014535799299736 -6.425891019916758 3.650454461555376 
1.6598314694719152 27.822979509714862 15.611594226252555 3.669380762035208 32.2474031735095 17.65002726052455 
4.815304729249618 6.79523583206146 8.56319710533529 4.314520038782086 -8.776653747118164 6.455221964391503 
4.72503431327091 9.053917412949431 3.855300620946106 2.2729839987341247 -9.076854043571569 4.8074958795270355 
1.523205426654243 6.934631751404305 1.1136113767082836 -3.09971110717424 -11.910171878476206 -3.8890555449659847 
5.550929128087957 10.924095470871105 4.708784394618781 -4.764889879562387 -12.061402243988226 5.154357790563002 
4.937139086662331 1.2527347076213196 6.718188860005806 3.108835229986567 -6.119993873671693 -4.471594223969766 
1.2265944529743102 32.09833100710729 9.002044932518764 -2.9852743247848013 -34.952524447471895 -9.173362928224225 
2.3928553824794263 10.401782387137873 1.6860924730522417 -2.082241056712042 11.320861267307404 1.2966867087584393 
3.1971271480131884 9.237874069613083 7.007013101022368 1.3877527262492642 -9.413106296103123 5.85368157586596 
2.999301772220855 9.800624609232305 3.6692695404031346 2.6180087707512847 -14.150563279341634 2.491245638441491 
1.538709692361211 11.810129587297741 6.99401438372194 -1.355466652770213 -16.41666887139571 -9.436182530762249 
5.98749089771014 21.034837916284072 6.049388036394738 -6.574051289604256 18.410249856001673 -6.464896483692391 
5.3871671027406824 16.901806688794846 3.0833906548756507 -4.035519216441586 16.169213094644487 4.8320070506057675 
4.383330988265639 4.541376473586468 2.7291339332514313 -3.6376421742033385 8.608907118185353 -0.5250581967750989 
1.305156836271807 4.878651371800257 4.798562362480767 3.318275050830526 -9.043446736797888 1.0025657270118544 
2.0121696165332126 5.794596111836315 2.998414813649508 -4.351185354801937 4.91389648263261 3.3067676514750843 
6.8472461064982495 17.283729909905734 8.333011726330646 -3.7003664179488225 -14.145585481360959 -5.770263230538283 
4.1710156041253015 10.701525427393955 3.0696704987935455 -2.47702527329614 12.473199890384222 -1.573297630841651 
3.388605194599595 11.60064654579581 3.8837576299875045 2.015821174992492 11.829300825261305 -3.994562496371127 
4.7074017188906785 22.713481672940997 13.124356886059502 2.81027801565859 20.282282975906732 13.143345895960422 
