3.919055557025622 25.067878245630162 5.2545191303741285 -3.8628620620124474 25.410084989534145 4.9300884092019155 0.6865204800314609 0.6788718077492752 2.9258714038921516 2.8970450689640956 1.20008809244552 1.1859542960493854
4.156408979525194 44.0876714441255 5.238760348233504 3.8637933393578994 48.576350013012515 4.495912126325073 0.46777913134224924 0.4766918843627367 4.872378516561815 4.991503712532704 0.6026986558716565 0.6139132299089359
0.8788690562924071 54.46823755725337 11.966425307379964 -0.9481689197333566 54.94188346028345 11.797744799344931 0.3420503296284799 0.3482547094162225 3.166323685057349 3.2299183590185585 0.6696005907519293 0.679820532877992
1.741413055531557 49.84537933238293 12.157569177989293 -1.5394083866865949 -49.67195300419795 -11.374360816755122 0.35076284113654926 0.3674463042011552 6.021007910660474 6.159044127817832 0.993893553964534 1.020527585551413
1.1866354337045357 12.958744128484286 17.18089085570358 -1.0334615131910712 12.131687467437507 -16.742147883326886 0.3948782704731846 0.40136150849271984 2.0709783084364624 2.0944722739347794 1.4573535294740376 1.4669003539033896
1.8336354424029369 53.275417226475156 46.252041996041754 1.6926629077084567 60.74044782305973 49.759011620002774 0.5786735437400281 0.5899563615133956 3.9075816929979084 3.9135207363310727 2.41155260482984 2.433624676233199
1.3299067754690812 28.467225710411267 4.943212491784016 -1.5567992289142507 -32.04036265943558 -6.701290503888337 0.22631081825120383 0.22771032468285246 3.3750524068326984 3.3975890293826687 0.8357374947283127 0.8409813484627482
5.267578850544807 62.32782423911252 2.4104699898690534 5.026466828150968 51.917691066884856 1.8504428263462662 0.3097818025476854 0.31617981703098696 5.368101558934519 5.465894858842901 0.6492474600213205 0.6584624116139006
5.77156995439068 42.28616307418734 4.742585493778319 -5.777332275621479 37.130862082943736 -6.216983811330088 0.4216846877783958 0.43339850518305667 5.217009655009076 5.294325988071231 0.5873443978849668 0.6269479076753548
1.305455559391299 20.13868834004261 5.628827180042068 1.2148124256232433 -17.06862626321853 3.0461924464669625 0.5901233885773685 0.6134250103079756 3.492222038565211 3.6288074337380607 0.4988644767117965 0.6071204803132586
1.0425214644708976 34.80710372746401 11.497304311034398 -0.7800108358767343 32.99660408044075 10.497425989453218 0.35345973132287917 0.3621953900416523 3.633048042950891 3.6310869879319077 0.936480432009477 0.9594755981055703
1.1629958751044154 52.608747842835875 30.839631847567908 -1.01374611856709 56.3165540836346 30.96544080251691 0.6163377618412833 0.6173281094557196 3.7933093452815867 3.86202595972752 2.3340095248365644 2.34237481024512
3.9994908919821817 31.70947854109078 7.882556910545434 -4.1498809341869505 29.24371146191495 -9.150275038532879 0.42840544198434155 0.43989286123737886 3.6807004859304358 3.802673167887965 0.730332474275284 0.781224551990907
0.5727778893794168 32.14949265460043 1.7814619210236653 -0.7072265095319332 34.5397612750791 1.2425299738518079 0.3737367451128146 0.3928840980758962 3.548687992460665 3.707129399916229 1.2632056159553708 1.3199081714548635
3.795835802450661 28.29768247052255 20.662892728354805 -3.646015062895468 -30.110513882858747 18.72532644322897 0.2158931791043313 0.2214846857153443 1.5497095016485327 1.6071234600135287 1.1812327862765248 1.20579049378777
3.1682876175721653 53.35085658852568 4.854880526958022 3.143435030220561 52.22667092142617 5.000767352091414 0.5209766970343587 0.5378327552577689 4.546521173382494 4.6951411966112016 0.6795595740959888 0.7004886720844962
1.746421950924472 61.88291894647971 12.42277963795732 1.6579566259845138 -57.59694446319598 12.727044928462725 0.35990245579927155 0.35893257835473 4.603806894755973 4.608549276285878 1.2445517740459948 1.2525235121257015
2.548316789839871 17.324247915207057 5.343572147924406 -1.9525749084373696 18.399820242395265 -5.2646400053385545 0.36907498160766566 0.37584226274065047 2.8871034351758844 2.940655516119352 0.4619126305215028 0.463892310977296
4.096853005325767 37.47640147978391 6.2323773741904835 3.8769920384716956 -35.50644265380173 -6.089093790810949 0.6114583656646216 0.6267797859024917 4.9887254216647525 5.053774624222673 0.7686961073680388 0.7827395773222311
1.3842186870961475 46.553442420928214 12.970519827056203 0.9241452640209198 49.90022314505207 13.58443869022892 0.23584726855318783 0.23744999048329696 6.238203111169534 6.308510072499716 0.4528790990117968 0.4907710969364665
1.697618927510734 28.623045275813613 6.033147181519405 -1.6384594516380204 30.9859219787413 6.999833849871181 0.4207209663405294 0.42330048724160896 2.258879509907133 2.2746749592054156 0.8683057219859958 0.8805525730614978
0.8640451455894332 15.28770395130514 1.081171050143875 -1.1425716496841531 13.401160150846541 -1.0278071124664692 0.557958143650884 0.5815502057073789 2.5251739564584073 2.63139345934513 1.889541997511563 1.9654115490413246
2.599965034400985 54.28437910193928 5.652340933715431 2.5384875238862117 51.21503026361291 -4.522788953966828 0.3935533064999889 0.41033041655383434 1.5946393000465429 1.6492317622496266 1.5039266098803359 1.562050349410067
1.2954945251218806 43.010124539083556 25.06039694096749 -1.355717515284383 -40.67839930081318 -25.83224165588556 0.46935300261018753 0.47900672957571155 4.274297468641997 4.315146914683799 2.430857191696878 2.4496287492506617
1.8169172057594247 15.286804388114907 2.5185113884647006 1.5931854004114314 17.905010596197567 -2.6495791487021503 0.2902432646829599 0.29291362460581327 2.181203486487644 2.187779881887331 0.3095903567371347 0.3096305423483082
4.032977667576962 47.24509852541754 3.31539840406259 -4.082647608548071 -50.53290259263535 2.8434540633607273 0.6345490210787241 0.6600866265303684 4.223017642709053 4.424661815203747 0.4832345607708639 0.4917034501208814