noise setting: 1 0.02 0.05 0.05 50
6.660878322730014e-06 16.45814428072294 0.003265968370025864 1.8183817921301287e-05 -16.957053656224986 2.314502362240105 
3.6547819955646387e-06 3.564205859590464 0.36171121282442625 -7.1625873626526155e-06 -4.4191469721720695 0.6263539631211894 
6.098513932805678e-06 19.09970147217011 0.361299400937304 4.632194049299967e-06 -19.766726816592772 0.4012599758492246 
9.2026161674981e-06 11.301119572377868 0.11333912969102637 6.954256931382678e-06 13.736005060755517 1.3748560418044837 
4.645507558222198e-06 10.740263105738308 1.1611261648841364 -2.341635783673084e-06 -12.055298864989737 -1.375947949263815 
4.4892935117996866e-06 4.463062484324685 0.04304264484429084 -3.53281205833322e-07 -1.9181199196777048 -1.5510852637754948 
5.766356615667062e-06 10.44421261424663 0.33013163613124624 3.899177659350094e-06 11.80570197306759 -0.7955345928890972 
5.275232317477778e-06 16.763270195993243 1.7247491661913106 1.2714047718355733e-05 -18.216160510869106 1.3684436492676093 
5.716704756922808e-06 13.471718143947648 0.09675906240100544 2.0342590857410642e-05 11.59984063815098 -1.2216757267924419 
6.01051014208505e-06 6.804228300692332 0.05148582567611694 1.7720247749377688e-06 6.285553794607521 -0.4200582884960732 
5.142510621665968e-06 20.059299503431717 5.231545734984643 2.190007095421451e-06 19.630782067854742 6.084129703106882 
7.15938034143413e-06 7.428911808400854 0.07606310258198347 -5.4938483045541685e-06 7.615594992157022 0.575369575882832 
3.1208546544470755e-06 3.8725965234279043 0.2959497072141562 -1.7069377788120156e-07 -4.682771307773538 -0.7313775304010199 
8.091070583375525e-06 19.189453201091897 5.868868969302099 -4.638464459407632e-05 -22.313137974993978 -8.752440538143414 
9.331732699617137e-06 33.166307245490614 4.686948176577819 -7.868597251330218e-06 31.975208828291745 -2.9387115245735136 
9.734436293947337e-06 23.408252686691384 5.387909546491991 5.261269576613308e-06 -23.600207293006576 -4.927955288992023 
6.086384176401426e-06 8.316969927161978 0.8870177899688957 1.0910986456141123e-06 7.154005737972511 1.325695330458074 
1.0130362978005815e-05 11.689282069639386 0.5129576503113333 -6.397538413506935e-06 -15.041212299906471 -2.072372464268135 
9.924319214230792e-06 11.703222947659231 1.3203223774582566 -5.475404107898009e-06 8.046387715843954 0.4834330716760521 
6.461046629742112e-06 7.378969743277571 0.2066984504096572 7.415524052060434e-07 -8.814036229533006 -0.09213071274036448 
4.583635312996542e-06 21.251929160602856 1.505119483523832 0.0007232796316566852 21.613863960007123 1.535773770380842 
7.725108740201405e-06 12.150343538469702 2.5147144862705777 -5.463274265911001e-06 15.344998975443191 -3.973152376048652 
6.4600946115449186e-06 5.679670631630041 0.005061111963145611 -3.712859638989536e-06 -7.618516372512463 -0.13433416411383753 
5.323030165082561e-06 9.913917810283763 0.10185360188370625 -1.914247034507572e-06 -11.699376186119194 -0.14678070645150987 
5.097632943453203e-06 2.8705007888276555 0.7036514983657577 2.274381500611418e-06 3.4605020557530364 1.5864886428308898 
5.39702753626227e-06 6.634689928063446 0.12006302565228266 1.82310377848098e-06 5.155624222947657 1.5215750376807375 
4.3237145858021415e-06 5.512248505929655 0.0034761330446722934 -2.198509079598184e-06 -6.253919416830639 -1.5018281077863458 
4.712937064938142e-06 3.6341988880967087 0.1385301687519487 2.989609639148808e-06 -4.075623527398552 0.5939856811906645 
3.7478114369238126e-06 4.595261776036019 0.00782953469684672 3.793181034016176e-05 -3.2311912236140072 -0.29497139180606646 
1.0237794281818306e-05 6.166656261754648 0.06387161061906306 8.653607408392001e-06 6.622214839495992 -1.4625912374190813 
4.738768523494795e-06 3.439054554002943 0.7146072651218897 -3.09721825629367e-06 -2.436984656474988 -2.810590621468317 
7.586287614525011e-06 8.332442960288375 2.5886363362467337 -3.0549820622668665e-06 -9.904695775046141 -4.167317420363444 
5.089105949406858e-06 22.49248880614518 0.07822011197515998 1.1872453551406824e-06 25.333880934727798 2.645220214895827 
7.229118755177151e-06 11.831990869925674 8.129054341469269 -2.377429175852248e-06 11.060461319264716 8.915362822234274 
6.4753190381530134e-06 13.329292083416425 3.4178425815922213 3.311346617206158e-06 -13.741314428704438 -3.905580069145902 
5.879455557312883e-06 8.206236451940667 0.0023458893167651253 1.799334072131751e-05 5.954457492062384 0.38630373716613353 
6.956795821609799e-06 19.088219391489496 0.15370017155158577 4.48506129413582e-06 19.656687810467762 -0.7158056373328205 
7.553096417216264e-06 6.0922682034179845 0.35772813150984434 0.0022124258981337606 5.3029544823128125 0.23465954943786957 
7.497658224092939e-06 7.930885430719064 0.867938661573412 3.2079105445001128e-06 -7.891999115504137 0.3354081367369454 
6.885481321387287e-06 7.901841833626154 3.1132597274255085 -3.4795191932404434e-06 6.452768705195935 -2.308381455149151 
5.626772282996965e-06 6.596501365280211 0.2803248132423641 -1.2198035701048893e-06 3.9471546374551467 -0.20200082471857758 
6.850975209715069e-06 8.332858823773684 1.0858935230013937 -1.89903167395719e-06 8.718752350912203 0.9907876117817604 
4.378667917324034e-06 4.443755938781068 0.432666512613119 -1.3037039461551678e-06 4.595885117094101 0.731447961773756 
5.779050205589424e-06 43.80516921052595 0.18530812038559896 -1.5436632639056133e-06 -46.83290927102113 -0.444043789265276 
6.065730686029878e-06 6.80055844072917 0.5486105951835861 3.126803040681689e-06 7.113109129719396 1.6528806463748973 
5.625456409777577e-06 6.139229793843561 0.0029246377294778214 4.002091344390653e-06 -7.296362679284675 0.8181553552863831 
8.441646199372311e-06 11.569703128198627 0.4119166141496084 6.599027991927974e-06 11.939573827353938 0.4535600182235295 
4.055123000246111e-06 11.0781359985771 0.0014506683444158322 0.0005635805314109731 -13.205536127829111 0.045551139949544704 
5.65776636603209e-06 32.89099705414856 0.03432108728349434 5.045951730600198e-05 -36.74554201990881 -0.32031410859231846 
7.831967391531358e-06 16.844074649467494 1.540093455259034 -2.0771735083739678e-05 -17.816316763373734 1.816573683799585 
6.433584286217596e-06 5.613825402256434 0.3691816109491346 2.379383052453331e-06 4.365809601191154 -0.7943821495874605 
6.873656329848079e-06 8.237395755055726 1.793784051977858 4.400830439642291e-06 9.467892686496002 -2.856060133892336 
5.6184764959673595e-06 17.57441738026558 6.823470641797132 -1.9195968363804056e-06 14.949636831425593 6.022545871865302 
3.229882141928172e-06 5.4917496147965394 0.023753912306272818 1.7747817080301733e-06 7.345416676210249 1.031575381093703 
6.437170993993987e-06 3.453393433076387 0.02808382030213502 4.365141488187071e-06 2.3941112458599147 0.039312148413393075 
3.6925169745314485e-06 2.7356571205702367 0.43096294030995214 -2.6518482398270065e-06 6.177791388787269 -0.6500928489864315 
7.510332061997873e-06 2.5758765147330753 1.5408974474090025 4.883731474748916e-06 3.2804860238588964 -0.4769545151707835 
4.923401060643019e-06 7.270197079645981 0.15103617917334475 -4.324108302244283e-06 5.770561034624509 0.5557865401137966 
7.943042332718985e-06 11.621998265452744 1.0741967042486897 -2.9363790411774916e-06 -9.35113418099909 -1.6461289976500044 
7.301298742448345e-06 23.969226159722545 12.404316356210652 -3.991429472604101e-06 24.41981849751809 12.29980435939466 
3.6613928565932137e-06 2.6982254285062406 0.0016462743374912683 1.2720474301878613e-06 2.617835010126292 0.709960820701715 
5.779722827112467e-06 15.779580397314954 0.021880521763629573 -4.160720840467262e-06 -17.176933156573124 -0.5809726442189153 
7.53162804294347e-06 11.071854224875937 0.10067014640217721 -5.522683296822194e-06 -13.154120162719622 0.4928316310478558 
4.642855520505373e-06 8.162492852691104 0.06906313602198484 -1.971534909823783e-06 3.3941732717333086 1.7732610380923903 
5.453059508734519e-06 8.323448828259803 0.03278514866788491 -1.5343782431931564e-06 -6.704601027599075 -1.088075446294293 
6.632704857898023e-06 10.386230688486556 0.5005814222093242 4.2140775473146024e-06 -4.846874555065426 -0.7340511458760859 
5.398077933151913e-06 14.359706998518122 2.8832973752288904 3.2685892669499883e-06 18.337292051641377 5.00125074640492 
6.207778590914959e-06 3.638908296868334 0.3495948809123893 3.1906306344017866e-06 -4.627340737169885 -1.5331418897654137 
7.767774864579873e-06 6.26987427075392 6.581975240540954 -4.366178162485624e-06 6.529634331787834 -7.277787817527721 
7.461054251436312e-06 17.154616317897773 0.5993255269303437 -4.395425024728067e-06 19.59346101670532 -1.7122745872055207 
8.241816793458478e-06 15.950135297299264 0.05469060057310885 0.0003004801535361156 18.473362711142105 -2.03958696260637 
5.351016997339151e-06 16.0889704995862 4.1328486055655205 -5.310637076228411e-06 -16.97991306292061 3.0323505299372164 
8.122861254580502e-06 12.582026886538157 3.823063572933076 -3.6553282489205944e-05 -18.444370891723587 -7.777647346236717 
7.872681060385856e-06 12.09508226820305 0.9679617797355753 6.793849232358721e-06 11.737387970781588 0.8700177945693474 
5.0939975720863795e-06 8.655061048262155 0.18725450592721646 -4.94662521566787e-06 -12.143459796269388 -0.9696005237189207 
4.462105241734919e-06 9.43792062682328 0.20134554326433587 -2.2377629250711983e-06 9.761873277369885 2.0210533889407456 
5.137749542144923e-06 6.78576923471584 0.02887764824685158 2.036537188376098e-06 -7.223429094486256 0.8128029360070497 
7.093000452196994e-06 17.236721356140812 1.140383095304704 -4.367534915975207e-06 21.588321127606395 2.7998906052090455 
5.3219214874162705e-06 11.998076436387878 5.385036280039748 6.450338297215665e-07 15.830854669491396 -7.201213544971309 
7.863281876512737e-06 7.000283915681126 0.16693492147405872 -3.0754221894421075e-05 -6.6446021742144525 -0.32412696019008364 
5.362838214159858e-06 18.902739639254605 3.2331383398564966 -4.032920263309612e-06 -10.313151634651197 -3.2692406059806496 
5.355508511114033e-06 4.809191904268245 0.0024693657164256196 1.680200249097126e-07 6.144045526607819 0.6822545371396713 
4.487813912952796e-06 14.333352954624669 0.045576790503525755 6.69815721474948e-07 -16.207592531045407 0.5590125471866189 
6.082444169045917e-06 7.3680149113706905 0.23707035047012007 -2.026628866523184e-06 -6.525541036721016 -0.08147619230900328 
6.067357987768128e-06 8.150625327184537 1.3552995047546164 -4.387241165564196e-06 -8.134247818417144 -0.5361421720863598 
9.438819900121395e-06 5.7841070380017285 0.003955415253258263 8.386107163025972e-06 -6.2610404182195865 -1.4766771933008622 
6.809421749532654e-06 6.380737496732382 0.23689576213524335 -1.2630284516857386e-06 -0.9404017622182115 0.7910073542719395 
6.953320967679112e-06 5.132521923169418 0.0025437452200657833 -6.1128991280103225e-06 -5.836733089157473 -1.736332032322713 
8.57243402292046e-06 27.516417527144416 1.1215167739807141 1.6472156379660364e-06 30.32471566390248 -1.1625329096138777 
5.796899065491218e-06 8.888373940807917 0.07342667002418092 -4.6389135696337155e-06 3.2572026903553746 0.016768294186723928 
8.195549154197515e-06 5.795365673303972 0.1143164234930424 -3.6279366230425016e-06 5.630570547859926 -0.31033975324340274 
5.3452155667000024e-06 9.348756258234918 0.0018278454159634334 -1.9021009377646557e-06 -9.695265664337517 0.8407289625526002 
8.015179017596662e-06 7.711086554852512 1.4988265841085682 -5.609198420485666e-06 7.424841900153064 1.2707751478106093 
6.386598113401447e-06 13.100395619613357 0.02683584175627511 -5.757051833462036e-06 14.805357276836837 1.147513296664887 
5.463226332866759e-06 12.20427192632723 1.0549009875478783 -3.1985737136093356e-06 15.740221596843487 2.2524287066963793 
5.205398000345584e-06 3.9425806267377257 0.0012336947144921397 9.729526841526413e-06 -1.850983992398761 0.6839867258502594 
4.307292934523904e-06 12.80726776757687 1.7433919923681054 3.119804405297954e-06 -15.567478318019093 -2.8022523565344657 
6.486747005522259e-06 12.659531613401754 0.4132376815255643 4.24400300409532e-06 -8.800536235472562 1.6163211327524258 
4.197322806771969e-06 7.349770565717594 2.5778592692030093 2.1450623361233587e-06 -8.053269389831778 -3.021661312521292 
6.505475848460413e-06 6.874428909171027 0.6704105422701047 -2.3419314807559524e-05 6.379844937684026 -2.3871564090390995 
4.794849215303925e-06 10.90730755350813 5.949932878015797 -3.672536774645585e-06 -12.706368795239207 8.416164814575156 
4.18048162335588e-06 5.678602582329088 1.5620199977491467 -1.6592540627976464e-06 5.740520811092946 0.5041286929545625 
7.032409071398676e-06 41.02032799837944 1.803673369337821 5.8101060841626e-06 43.31523583855911 -2.160819343926209 
5.7212623939170995e-06 16.03193796190368 0.23268747953953822 1.5676503857241462e-05 17.199839150239516 -0.5974544076019525 
7.311678851684301e-06 6.532221612222028 0.6967665195315869 9.888652965389068e-08 5.558548675506047 -1.7092864274341066 
9.859636387998629e-06 21.65234584171864 0.002042381504106776 -1.0742323640508364e-05 26.495214244164465 -0.23532786962490118 
4.995141679115508e-06 10.922419983655473 2.167459457354953 8.464434161555237e-06 -9.499350316459697 2.145673754696455 
7.671427972756563e-06 17.517848471519155 0.8129973898068796 5.602249691732819e-06 -18.454383657054777 -0.2486937339313728 
5.702569177505154e-06 6.395247176250578 0.4102525918855837 -5.212014520692971e-06 5.290289330630971 1.7384724651846954 
5.996578816325574e-06 10.32539667604018 0.5633481356151785 1.4799545391894325e-06 -7.973143061741406 1.4419362082230789 
6.73696466678497e-06 6.486794581966169 0.05025484719893893 -0.00011457687259905399 7.936511328250491 0.8704521996951884 
7.75707822256851e-06 4.640486371611054 0.034432354270709516 7.022956870819728e-06 6.1015202738755345 -1.0057031199833992 
5.9656983095600675e-06 11.131098606922816 0.9348273666253648 -4.2230109763799325e-06 -12.030686996608727 -1.8149404683536248 
7.572321124381338e-06 12.289288888484567 0.033283777759176396 -4.490230591280197e-06 -11.06885522658284 -1.7742192942719932 
1.3574527542199587e-05 12.353139622966184 0.020601919601161915 -1.2588658786415096e-05 -9.801046751615406 -1.0230128733079704 
5.98982948777461e-06 11.688956937837842 0.03458095013533904 -4.86801094121926e-06 -10.596475519072284 -2.0933366876459805 
4.7650080112464735e-06 20.99563875860889 2.6357964514771846 7.552710552410604e-07 -25.246964295908278 -5.42899701427762 
6.118025746032977e-06 10.646070646296776 2.6103054350931076 -3.652183663666829e-06 7.359477405717832 2.552507063893943 
4.885924737669328e-06 9.358221286982985 0.2942758347857572 3.05854716943809e-06 10.21179168772842 0.4795754188933998 
3.5432409045696745e-06 7.254127824785892 0.02416733162463525 1.3043270606968534e-06 8.09949398440999 -1.5409301240276636 
