noise setting: 0.7 0.05 0.001 0.001 150
3.4033358781413483 10.624015188925737 2.945355199753184 -1.2351465578215417 -9.993947176948202 -0.7329419067864739 
1.8407980258168042 4.915543629040577 8.074475118238988 3.8662435359820844 5.592873367266181 8.222675421445032 
4.477594994575492 4.787693925818927 4.756350872309046 1.5579199095458325 4.674100908315142 -3.2551282095970593 
4.022398563251669 13.13155824255886 3.1824718525294897 1.7896341278645074 -14.544355701604724 -1.79691935243316 
1.263817351549424 12.15129539368305 2.475390820013059 2.6962268372249127 -15.98200515041603 3.8540634279510098 
5.314940437402138 34.19053772901175 12.305530848271038 -3.2756470351750355 35.34250345445089 12.921282997228234 
3.5699528074675433 9.515420596013303 8.749519093716236 -1.5867912974565317 -6.823363794319097 -11.967228145817328 
8.072300480920942 13.858494474120262 2.741405199653943 -6.1160832332207375 15.324698118827188 -1.3434099241995607 
2.9839273599929803 21.897805382355198 7.157298897714524 0.6392985595127925 20.005893690667964 5.571467420337327 
3.823781160616364 50.93108752082369 12.046440168687594 5.98332845440982 55.80721823116723 -11.264003684558856 
13.633905281754847 1.8470405281566065 6.296547812974856 -17.491962391746753 1.6067534625167326 7.800067203970294 
4.503937109146281 8.45191525774496 6.4009260063862525 -2.389654545584601 -12.872284036413737 -9.518335927333588 
5.272262478546184 15.857409178576948 6.044631129681871 -4.6252538298404735 -15.651208970238999 3.982781346806548 
1.8641776813388584 23.469530418801995 2.927724763101628 4.232812219618712 24.857540204259077 -1.977758111907609 
2.1031793729455983 6.068994761378564 1.0160011444255017 0.6999269069317959 6.437263198958754 1.3007760945028712 
7.393741627615041 7.989673841185847 6.711208026169797 -5.894666206222981 -8.217853183188028 -4.115770638685965 
4.215054366773246 12.925322980833341 14.727882430278049 2.6621980251334043 13.724160680423838 -12.726360098789161 
4.370437030179962 17.153734254167965 5.762412935791466 5.6398524596205775 21.314595923870595 4.071266521234903 
7.159929538537237 8.978909016547554 15.263403161744131 6.422228247008466 -9.907141150176138 15.696832665221407 
11.723558302029737 14.989440888949158 16.482835969063952 13.156067620459478 16.972129844003636 21.556029791861356 
6.173119967432247 38.22215379381894 12.35834987358389 2.410958891351092 41.92501914497022 -10.392018501215212 
10.332938896665702 20.61628733237574 16.705635903287476 8.165883496591773 -14.087159264428188 -18.268707352550926 
16.49687517811977 20.614041111968398 17.796408798784796 18.41662151162798 23.56015610852365 19.686690509716044 
8.73628368019639 8.102977410876441 15.497677448212398 -7.24603075321432 -5.782261914971471 15.430022859596184 
1.1000476008763245 14.945084130741572 11.130499446781595 1.8920215284538906 -15.077016860942074 -10.726869151363836 
9.795612454995922 16.37482231244546 46.164135125692134 -8.724350018118724 18.321565964059488 -50.716802529848906 
8.341421515640499e-06 4.345877180982775 2.0717522272483344 1.4069003071881637e-06 5.405841528331043 -3.029709454507188 
5.264558628359354e-06 7.797376938972829 4.897134894121261 9.664442549321532e-07 -9.077425132215673 -5.885135779712621 
8.005324986246533 12.174433321861256 7.153300288432577 -5.358295832294732 10.316820022722995 13.866135575160918 
3.680433991367782 22.895126800197374 4.16918996811655 -3.1825720440066276 18.082997409392878 4.191424176814955 
13.076744825223672 2.5872953937765892 8.24477585345636 -12.026791476002822 -4.211451498712404 -12.407054608703977 
12.923842421537705 6.955060246896271 7.575368290091073 17.15147149051861 7.76350297416774 3.4937527685348275 
7.065317154134691 7.914980646836945 9.374329579879188 8.98767558635507 13.031774213629062 -4.082379387310204 
8.558970203541008 3.6297719953142766 10.354535010656148 -5.453749874641128 10.160993234699397 -5.032359396763556 
2.8897183311536376 17.151339531871496 7.2531313260353825 4.019636690672504 -11.613752105069203 7.629942542284706 
6.664258526391383 21.099294155882664 3.5040796264895118 -8.713313637057926 -16.083560960268926 -4.330784702798811 
7.116207764853558 13.032113915852568 11.44491962208927 5.911486247787934 10.248441969108468 9.73402916192055 
6.23114428994606 20.344490010518758 5.657790607229958 -3.267502783980571 17.083093756901828 3.0262068748969844 
5.223020579434581 6.503563524370569 3.3621928508099055 -2.9876960829235593 -9.731372716172624 -2.1757478911147343 
3.9352868666842773 11.620203028304514 9.437820309702039 -1.828537582187211 -15.287949160993374 -2.632491719928613 
44.80542087495155 50.18507848324287 15.86875635169501 50.71429595638409 57.39097536252619 -23.80074577009543 
7.132710083932138 10.776619854291662 4.311183116095323 9.126964706363353 11.988274472359256 -7.15764585522968 
10.93421766135483 7.107970885883468 11.430247683528819 -5.550953805610709 -5.8453340860696805 -10.106731268564905 5.338722670802955 58598.56647943418 
11.742479319213862 40.48050996615775 37.34523580658518 9.038135359890196 48.04394171481598 43.53012355897872 6.346126529806863 54531.06561079119 
16.885019188985453 30.126536568438354 28.28737658951293 17.569046707972813 -32.82957982152855 27.630684395325073 5.941292810127614 49612.440059116154 
27.425333895006823 23.488849213888454 25.182591049777123 25.706405138669545 21.497204761320337 24.257610406417026 5.718466704577271 3.213175172761044 
5.4036704143365525e-06 18.5712788280803 15.592198416830568 -2.8433660778602495e-06 -16.67342097448503 14.604895330558616 0.00015247643836957536 18.72513106691965 
9.296373310904764e-06 37.60893871105109 4.277993715398425 -7.807570673776146e-07 -37.182778689243854 3.8950806950353716 6.709294883222583e-06 6.843214293101324e-06 
8.928866931300642e-06 14.020098731886947 4.778112193663746 -8.18195029405707e-06 10.337615629946027 -3.936419393860351 1.0084039203661632e-07 1.0239921946230356e-07 
18.15007834944241 25.77940916403195 12.808352592565743 6.190749038157716 -28.001206809956084 -12.859740735606431 3.8359208188845564 3.848029227809714 
6.6281451057109424e-06 14.324115210141567 8.608963369563977 -4.670859953608329e-06 9.829216727476572 -3.644711392035658 3.7816234896302285 3.8471206558331907 3.0303483937978983 3.0886828982622294 
