3.803800750451795 38.85277518210772 25.913440382126037 3.6672428469682163 39.56582516601353 -26.208263005600553 0.6150453472323621 0.6256358797830593 5.423934630245084 5.577086282883267 3.6521380222588746 3.763851620337359
7.474025838981139 48.323704843221854 38.477633459183195 -7.3408522153766285 -53.14811690022754 -43.65685125747171 0.643909906595467 0.6504075150197824 5.823006517365314 5.9823854917928845 4.596636933036258 4.76186548775162
2.710335347151855 59.69496111553729 39.88297724777323 -2.493110031272397 -64.59247125630513 45.20805119984799 0.4368435735809726 0.4582874545805963 4.823734008359362 5.088840196925522 4.317904595625206 4.509434364690333
3.915028675642034 62.42019098642659 35.30438389522293 3.988183953176812 71.57424042882056 35.109398959425086 0.3501449727059328 0.35743264890682613 7.926493009216121 8.070437976283815 2.0834156179864287 2.127792794118056
0.789208954061111 67.11145059247491 58.077495435381735 -0.9873776004857949 70.15405746729179 60.77243973078439 0.5193299543431742 0.5392110679218638 8.618485133957194 8.803344133866252 8.99129226049231 9.21371415122593
2.261805343711844 58.53652748198149 13.209208708014453 -2.302122933130972 41.29810175806072 -6.598270758677116 0.33599608332787656 0.3475894618902756 8.843351283781082 9.05166311258636 6.096824715882539 6.257195817494794
4.535342658894401 59.08151350934705 45.70298245113915 -4.587992896221536 52.8885629519695 -41.3496288173403 0.44520738134745413 0.45079671363389107 3.930582070610572 4.016688970116967 2.855002738609327 2.9005385889457824
2.4796194687333535 54.10171160368812 38.89536742943583 -2.3992085215109196 52.45111536287868 33.681047548289804 0.29201790154086177 0.29584334022963465 8.548025073839089 8.840138448094416 6.119095632433693 6.26718490953696
4.690452864178769 47.44949465396259 33.20296581818927 -4.482279030966684 47.34476151089296 33.68608736538289 0.5104448734973261 0.5306958619035402 4.599103213839969 4.736356407267977 3.338457762970439 3.490567305026603
0.8703084118140714 50.88546035469054 44.95782480297406 0.5500129595168215 50.978822474293914 41.883714095969225 0.4700300507720245 0.4745351102536584 7.277083277431899 7.3397069799869765 6.006774747766126 6.031894094052609
2.6988182096873876 69.15180607695278 58.20161491299053 -2.4948046860323134 78.48759156960638 59.76693705754521 0.4018324798476245 0.40515821603826047 7.660797010028979 7.719946704273849 5.186804341721997 5.204674859515828
1.009641296351352 42.499260120466666 34.283161479737714 0.939817804209163 40.70427497096504 35.03462506764077 0.5930155589571064 0.5995676827177895 3.1226167990949847 3.2019047412554444 2.6262529864531006 2.7056744399234787
6.328586047278857 48.94937440237092 11.080615324268063 5.536135729041664 56.601342639980786 -7.349410859962514 0.5667232349441803 0.5853278270585063 5.921336332247426 6.123133940597258 4.538424832714976 4.65723309588265
5.086621219789124 60.72366640647299 53.50046276161567 -5.045210191652222 66.61022958906797 57.271487404116115 0.4473861260258271 0.47106459211465995 7.307133419027943 7.612842072654336 4.750860876854308 4.924303157425886
2.2876513862501717 28.691935554680025 14.867271603899407 2.2015788653370225 -25.555777746476537 -12.413627236396016 0.6072601710478065 0.6107611634532014 6.93793712084742 6.8874687617803065 6.116499279970656 6.0836133678755155
2.2714653836733847 62.50271899398408 46.51679445400789 -2.431697499846038 60.76444460020542 47.23363203916481 0.5152161015884874 0.534043954904949 4.843587882025501 4.907950927258727 2.8435386379232748 2.895364526510378
2.365090256433792 43.57034558675913 40.155099118927254 2.372606961868163 50.38992706258677 41.90914615988528 0.40581030916949967 0.4061205470184997 8.55546585847807 8.637671454879314 5.394479614138099 5.463834724600607
1.4181159254369635 46.435731073044074 40.792936821020746 1.4817573044078383 53.71766360582426 45.87923247707483 0.24782082631724203 0.25255041819786544 5.4346861084548035 5.589247074289371 3.9657889773961146 4.075701796581609
1.4302868501940422 59.41773135174871 50.83753052055907 1.455742976784206 62.97971249256335 54.753609081717066 0.2187780920382699 0.2194712706955802 6.705204648953973 6.813547656353576 6.432427418416488 6.526698445113853
4.278458818795675 69.98680938672317 59.016681677777704 4.295889129494356 65.64190245954107 -54.86484792575906 0.466095594288306 0.47597711949681776 7.424671051973246 7.604546508526859 6.355536986836917 6.541721174368817
