0.863047452502765 14.723517097927761 0.6160085425315894 -0.8066421545065063 15.422313514734606 -1.22292391542724 0.42458776983348195 0.4350630762866149 1.0367406672504602 1.0612858202465991 1.0724743675574708 1.098282386976969
4.730394704169435 37.47004941126641 27.657792444436602 4.545074483825661 40.41700280570509 28.537209139053456 0.597634399429933 0.6120948821381448 3.914856346395897 4.015356386025553 2.249450931435736 2.2839398928208787
2.6825580777890177 9.412743526864649 1.1814358957462177 2.5461774920016027 9.574858972991066 2.196005176202722 0.47892199961798115 0.5074782281998768 1.359126165840887 1.4174130232352393 1.101459963984943 1.1459494210534813
1.776305322838479 10.637946300978637 1.2269160280290754 1.4011074071155774 10.875232808861265 -1.1634103802037 0.35786131166838236 0.3634352396639998 1.1045052311782269 1.1381110036258968 0.3873417131242681 0.3923769548982316
3.36870228508504 23.862325106432277 6.016630796784053 -3.242544050675893 -25.75049532607135 5.92711296466119 0.5808111907484016 0.6012463578069553 3.593511771286111 3.689296675634174 0.472671336619637 0.48439199826355483
2.6684273283908952 11.846884508353682 3.925561680361435 -2.8314517133572332 10.547258312310394 -4.744572284000086 0.44934114634681405 0.4635989427192243 2.1943890464845985 2.2857099184807557 1.3026702054056065 1.3512775915468884
2.949144189093047 15.092458312862277 4.778781018505131 2.8767701865447513 17.94587304473121 -5.734480029718706 0.2630951706978327 0.2699714844766172 2.403471437969602 2.4788479534258014 1.2324020802414444 1.2605071906024337
0.4465331760465382 5.096692441531466 1.2394439672377575 -0.12080526586152228 6.737594905491635 0.9976326495099159 0.3712247026251307 0.39039740073570034 1.1925962972267923 1.2301263384019197 0.6790962885675794 0.7074478916971408
1.6980074724075673 13.764031309736097 5.771156204205167 1.6000472919659516 14.685412211362031 -6.104309893382723 0.5304668211563653 0.5485722806487277 1.1764022446645073 1.2144334515455182 0.5325208440297023 0.548492009852868
6.168991615111299 33.712456346547434 7.915304770251107 5.717031317679985 30.79651540294225 6.329796675631656 0.6346784777073912 0.6633313017529872 4.304664760193278 4.471629365175364 1.7371295547702985 1.7766269540134878
3.6796208680562708 13.969495286965634 13.131251044315745 -2.981825204417095 -16.894551753397824 -15.374913706465312 0.3374375766876493 0.3451791843810648 2.2236308748975495 2.2874669852524865 1.9003528753568197 1.9587568528037018
2.4913933444019034 28.01168516697325 1.3667872063240274 2.3144221726721783 29.565779245317806 1.1425794946189953 0.6802939203868628 0.7022020942578392 2.70850666185722 2.7996857055716284 0.5955886731045325 0.6147204130635895
3.5664142420235074 22.35964008331124 5.3067453811308845 -3.9222749269875687 -21.217821023204902 6.666063530091219 0.46448590509143395 0.47181000192150896 2.108983510489058 2.1254530770760987 2.3268407115249277 2.363713842149676
6.527130029209948 25.735262144497977 5.733935965460749 -6.24050388095346 26.855126220610963 -4.9579524478346295 0.7344888515673371 0.7435967057115571 3.2865710997564266 3.288647579563187 1.0482910405158374 1.0670355879884663
3.2664021226243216 22.549560172135198 3.0678200834313296 3.5068265313281195 22.766256192934257 2.670984079019246 0.3598228506782963 0.36877367011657664 1.829986699886716 1.8802784791364087 0.35070069933745496 0.36341198320383256
3.980037398957439 16.93875587749778 4.882047111077735 4.293372620667054 15.97622295051887 -6.518227523707994 0.4427980488938088 0.45078854040959593 2.4957103363750024 2.573241928543105 2.152982634937085 2.210372416789716
1.972908959795599 37.31465910488586 1.2727575440434113 2.338319068774592 38.99971944215015 1.0761943638864786 0.7397843478641276 0.7437099246942667 1.695765597492525 1.7307652988412863 0.5146147028855745 0.5249232105527586
1.8043728983468363 17.353803502354552 3.1002991200254084 1.342011660424366 -16.146167938674576 2.5582499542749146 0.2929574154789328 0.2989886408682322 2.6888364848589754 2.6971701423368457 1.5276462979530205 1.543132325270651
3.10649015609669 20.307135616933326 14.908456967663717 2.5222926864683 19.126699972374816 14.456828807886168 0.592066344996257 0.6074927727752345 1.8867993918387032 1.9314097409696167 1.406711407156561 1.4376854256093483
0.8097462531178783 42.09313496152741 9.587043064913384 0.7021841855250087 -42.733342120248416 11.027023965629676 0.4108530498849646 0.42558472233554356 2.3886223744997004 2.4491705026688146 2.0418001607468663 2.1153865050818204
2.58400245167265 7.287654134618481 1.0518548267216965 -2.2516426567213244 6.712110690479847 -0.9544314535604831 0.6362090378303781 0.6573054112125704 1.0154438957447323 1.0442235108906595 0.6468819538044968 0.6659867522383208
