8.393527426130703 24.26138095756914 7.4474662942386125 8.149662571785273 25.94326401310568 8.043545926091575 2.6556018101215115 2.6381545091678413 2.4614158786988733 2.500644436935826 1.7726187202032821 1.7696603356035419
13.50497248666445 38.12909337854792 4.682360253239031 14.5061511046994 43.05223224682185 4.283009878247571 3.46271722305614 3.4925559572845883 5.488856478479393 5.556588889068778 3.094216797982312 3.1254306027886156
5.035690475044946 21.978208418763796 4.725083562260495 -4.840175437805535 20.539138323146677 6.66887435156234 2.6036344664686246 2.658511375159375 3.020456159532544 3.1130037062836857 1.9807050614160144 2.013690831928077
8.321187397998758 13.648618997350209 4.227148655017022 -6.6802452533826475 14.180143502797858 -2.409524944256101 2.3951679599653395 2.454296078261255 2.5959430125190286 2.6745709428493543 3.454385994840277 3.5363450493464774
5.5031148637247504 23.669829350819803 11.200294062562538 -7.334173692033882 -17.507400180211608 -9.331458280249633 2.1177826929633 2.1329245742990035 3.8482132629770307 3.894430725697672 3.05670750676317 3.0696269559241403
10.68792184445936 4.839698083298625 4.337933439627353 10.576440206230261 4.500244053162678 4.785123900707183 3.1449610517960247 3.177339304334548 2.9339530831325686 2.956759412105414 2.978834516089864 3.0044818312184844
3.4043515217196725 22.49618223955282 6.909754833715876 -3.0841984430775433 25.75532076921605 -8.150231588294172 2.0031311178262627 2.01680174426943 2.7329865044276254 2.7627197148479015 2.2868603779759065 2.306620640121017
3.4843826633737773 11.259463558965152 3.7864165148533604 4.3873715229536305 -13.78323614700685 -4.033318984388606 2.129094451902733 2.1658647541554 1.9485765040700322 2.0014686025538326 1.872882927305745 1.9054039760407437
11.198791957991043 15.649411846354711 4.985184602557153 -10.845277110140671 -15.213115528845277 -4.135646719851613 2.0908871906817543 2.147288211861039 3.5527414383655787 3.636388058583247 2.3777413116303134 2.4377763559756085
18.79143682737559 55.790801216046724 33.81129427617794 19.69219666827006 56.79533750728595 32.31333156626783 2.4121329832970764 2.4549940831798502 3.434796106736986 3.473517216438085 2.523927510933683 2.5433217502286025
4.086555423115876 15.689678790424061 6.137867794269345 -5.568489112282038 10.087746340367287 -8.408733648251037 2.102044088049148 2.1196656225495523 3.6500172760459293 3.6802020762714016 2.4475654243753984 2.4708672918695727
10.72277911954567 5.7066347542702305 9.45845798797307 11.048769697555652 4.506371873120998 9.2035785388187 1.3720072876760476 1.4072037033904452 2.8819390601296853 2.9759145148762696 1.8475759370610292 1.9195696475731037
7.162271780422155 18.32142647177707 5.806896788547556 7.254672417889686 18.523685154464008 5.633226900637851 2.241178620718187 2.3125020069809374 2.7369069915834414 2.8224109453572965 2.3724530244172977 2.4419612110413476
3.84575002984949 17.38441038915504 11.494178844677586 -1.9613741552580797 15.893047017468973 11.824688150904537 2.6570108025685464 2.7469456122716474 3.7476891216582957 3.8590789286762925 3.206720431255641 3.301162060426608
41.10050925944268 16.10544857543238 12.186190565219585 -41.32237429453051 -20.16470742742792 14.843513731854987 3.72000392060263 3.869692966821873 4.247827251502198 4.416357007051582 3.6961474374232055 3.8528575658714326
17.477171051977383 48.59181816263842 9.161096004375873 -16.778702875788326 50.0150825521991 8.95458237169284 2.660674972532727 2.6565164058626336 4.178677267991384 4.215876689072309 2.865995704507294 2.8762216469630313
12.81175794707986 29.05179499013945 10.751705942544493 -10.653479399769289 27.328402314606112 -9.041019799041514 3.209969163734898 3.3164157674356085 3.0015962098258733 3.1056108977512946 2.8005458839969166 2.901611296408901
24.119734695996655 30.596484744031283 5.853410006543692 21.575808366635545 28.293815279928577 6.384327480268408 2.248455381785849 2.286062702920752 2.596614431786514 2.6330917616170564 2.306505349504803 2.3393033725487555
12.016333333216565 23.349889305650663 4.29066891479125 11.840344641701812 24.187899871006938 -4.424135686719534 1.5462417780964444 1.6105638395980868 2.8023959902400906 2.93618880424831 1.7849624856657882 1.8473512413394833
8.585279548545957 8.680439819343135 2.210151183396035 -9.205925634241256 10.57861576312764 3.714587842430457 2.6964100871345997 2.7141775753561 2.4905837833523305 2.480179640817223 2.359671540780086 2.3325742247761667
