2.7884499259919515 12.53000526422078 2.9166152232740803 2.872948644511269 14.57094410369388 2.597313930078944 0.29472289532037976 0.30328226354367915 1.7806105711397766 1.8337722803478886 1.1780252924921992 1.2275898193111705
1.8482043833171726 47.580033641346276 28.1142290086135 1.826699609652578 50.59456244522304 26.583257419580953 0.4405979344818404 0.45177535869856716 7.2375264931236645 7.375724223349124 3.4010129098727946 3.431607034282213
0.46033123931927217 31.628875569230843 10.516959538585409 0.4555916462109038 -34.68847762055071 12.321393832299943 0.2816452891048934 0.2869058912535286 5.129447094791812 5.215009888945817 1.1806887173144633 1.203472424876543
5.329105218245353 30.663495954249303 7.576256503443815 5.330499614873972 -36.56164852967531 8.357893755233649 0.6051300617203138 0.6110574180835717 6.938213961970997 7.209721855707066 3.5770766708985873 3.7016999760404454
3.576580022808995 43.18557189198909 1.1807369848446028 -3.456149425687684 40.432604100773766 1.8631894040905894 0.41971145509412267 0.4350152603323424 4.144025023791112 4.256848127236641 2.3428667493824995 2.4498181101935583
2.6811785350038377 23.88440467622078 10.302367919090901 -3.0207719726623665 10.864822902024946 12.296770567680404 0.36381103992468744 0.36540963454320796 3.964037611585465 3.9931189231540785 1.6884830681186884 1.6916446247115515
1.1708459380480623 40.12991453163039 38.91554585853562 -0.4996120065898117 41.0476543009231 38.41366954359172 0.4004706811025751 0.4169523149865156 2.7041707137029234 2.8041200922090983 1.583823950739244 1.6373585141888984
3.6433827225918547 11.66027012418133 5.120600335576257 3.7304944817741608 16.985563292196716 5.032504902403338 0.3617880052862559 0.38476798708475096 2.5215606196421776 2.6810478558940236 0.46590180819763594 0.49538620067790023
1.5400042733249644 16.559496964573356 6.293654496250086 -1.7663148163417257 -15.894194417375925 -7.102075142883025 0.3753080614560268 0.38983158679255714 2.022450539382566 2.041950243458273 1.0579168186224837 1.0834504372514662
6.415682440140266 54.44220632703604 16.1608576488513 -6.189269072772487 59.37223838843835 -16.47279122534355 0.5923597901404349 0.594418903061583 5.1812049655255725 5.2222718654960065 1.3625438940169783 1.3776772086612243
1.4733941838893534 6.701930866411404 1.6498257973030743 1.4756405142835822 5.843914658323385 -4.335284758421939 0.4911618207097625 0.5131174717658363 2.416349819245037 2.528488321100244 2.8817355688071986 2.988183958727883
0.3408346465799303 10.474640726883909 4.224828976780729 -0.4611417530725187 5.440320995809192 1.6621186756864794 0.4004647664117564 0.4055526436942138 5.4087418488911 5.486743070329522 3.3997134066536585 3.523834663674165
1.7834008726095525 21.918591085884714 1.5866391365380381 -1.5793620166675426 -27.662544001323088 -0.42121125591453434 0.5473001704621238 0.5694791054657856 5.665214136707398 5.938015131745138 1.4324273109555339 1.4957279350101564
1.3917871147878305 37.080812123550835 12.423133475006166 1.1784955489114393 -37.63168373155331 -15.466865191356622 0.3760314524620757 0.3863716367468176 5.963862549549944 6.160982885866858 1.0238914547576754 1.1276722947496776
2.0173268989992326 38.45710438646636 13.872182036596104 1.474515302555382 -32.797929308082985 -13.070013560444396 0.3090181200511338 0.3133712144528009 4.53972848195975 4.5356546754196625 1.149378644713347 1.1554445146145391
0.8042807374282103 42.35540783573758 0.3044911973373001 0.7637688998892539 36.28221260903716 -2.5736644574452834 0.3476124118537694 0.3508764364730839 4.2771105854073195 4.29206620264741 2.4159720332524692 2.414927402049874
2.3747916144058325 36.366208655281795 1.6646383076022928 2.3592338233515058 -41.97319649380958 1.606947450449285 0.7264588245471387 0.7424045257519758 4.194850484493774 4.28345227831463 1.4386759091499868 1.497882410921913
2.239394174079123 48.55971072646376 3.0321350603473207 2.0547149501468205 -52.4183028952994 3.574293722514276 0.3130755888957752 0.3248816466202183 5.4815335650948915 5.739971942382204 0.9672556365020405 1.0133760160530474
3.445102961967502 19.544316697840728 4.7694697277424325 2.2865597068607744 -22.934209863873516 6.398414988400131 0.43213897411753377 0.44959481279948593 3.366933680139836 3.5057263656226128 1.275334437140851 1.356181368891867
0.8268337707210166 25.92106842152238 1.0848233285861772 0.9800436137475323 31.09141054216218 -4.147660937822283 0.3321482644083673 0.34054977885900445 4.681432917896831 4.804050162885769 3.135143195117796 3.2074558558866215
3.919055557025622 25.067878245630162 5.2545191303741285 -3.8628620620124474 25.410084989534145 4.9300884092019155 0.6865204800314609 0.6788718077492752 2.9258714038921516 2.8970450689640956 1.20008809244552 1.1859542960493854
4.156408979525194 44.0876714441255 5.238760348233504 3.8637933393578994 48.576350013012515 4.495912126325073 0.46777913134224924 0.4766918843627367 4.872378516561815 4.991503712532704 0.6026986558716565 0.6139132299089359
2.8348948356427472 29.509114959243494 3.4472792463402837 -2.6699874803246915 26.157713266548186 -2.640007056528401 0.497721560240895 0.5066560942132152 7.954197896216316 8.143658104826516 5.465348116469709 5.634307385380575
