noise setting: 1 0.02 0.05 0.05 50
7.754891939563911 25.143285918520466 7.796216914195681 11.23077819797241 30.427016889001646 -6.090073634035422 
5.423354547287541 13.743185464211352 9.41472195480338 -3.8594863776801445 17.69901527435294 5.83945822685579 
6.666744176728878 12.878467112075821 3.3425420029997976 -3.758885210854283 -13.721403004514062 -2.51527992584958 
4.084836130091524 31.218246873536103 7.201626767047052 0.9311732164676549 -31.827968768386704 -6.1648732707064875 
2.394549424025293 7.061867642672867 3.851063899044233 -3.188144721526221 -10.376871601398115 -6.139508349234772 
3.8811244893247823 8.515063628172683 4.235248234897009 2.8770522950453845 8.98750350198167 1.8281594898694105 
5.259150165484299 55.1140926899584 2.587515201429788 -5.273650140204688 52.29174689957392 -1.0650665082592587 
7.7100718512434 7.992690247454108 9.199647561208062 5.712083056159148 -6.391308213040377 8.080041677646195 
3.362590184584458 9.964492750812948 4.930783189560927 -6.476355977891373 -17.7514744191941 3.25306343258934 
8.827756369742838 7.501532510455288 7.850618796133362 -11.116590764914315 -8.525344861825 7.978216850235704 
2.8784282417430727 10.857987274356276 2.456115733416789 -1.7490948455528386 16.584245946237893 3.2642435045110445 
3.721862423442637 4.69213717758602 4.98223341706036 3.1902010995563446 1.2603705716301823 -5.965765395349008 
11.801482913854766 9.853284931447988 6.7990743984389965 -10.217828890697444 11.763017676680255 -5.6466455228004815 
5.945697634823704 18.370325706651997 9.330243946257605 2.2018332176810684 -8.543188185842837 -4.719091581956151 
8.05865344592606 5.277602720867131 7.645204908862713 -4.607802534788083 4.246515697713381 9.422693342007602 
3.9120974770377277 10.88375640500921 7.58083093429801 -3.281509807956745 7.498152516593876 6.359550650402921 
4.7225809580418066 20.98449221597698 3.012167106978964 2.732668814966911 22.871459157101427 2.3993757242974776 
3.079312725222258 5.7815081513556486 2.7609265067372175 5.520322428679563 -4.146965550653008 -2.581824747904074 
5.041080473449369 4.58030253577056 2.5799969210485787 2.920413201985726 -6.293839839001287 2.465437290510408 
4.841275843256965 11.687586187696802 2.6143030972297234 1.9370539602051902 -7.8472207751997205 -2.730839719713498 
3.4804454037604993 19.877128712055136 5.89327356264487 -1.5757556153838908 -20.254116841032605 3.787981648384894 
3.421457539398297 5.861095442508356 2.62555946875375 1.4424530853309945 5.020705665640112 1.468198962217046 
1.962914610902606 10.633183079433062 0.4447376721519703 -1.4387213375544592 13.368771993262117 -2.738962292930912 
3.5556221648521213 10.362897619214694 1.762961570876143 6.5186568609985365 15.600990391922428 -3.5541810667625104 
3.4497361902901305 10.654667162619187 8.469871536844945 -3.0417094498057153 -8.817097103196598 5.47892151119459 
8.13391534649515 3.0876196075583295 4.947622598516345 5.920883711167402 -3.8742879245782555 2.16935544133124 
4.662691884457228 14.652575573816907 3.7685769856851996 4.664296680965309 16.691825513762197 8.19360283325555 
5.40447259809492 11.145146050709315 4.941443568945316 3.8879530800600697 13.650102467720972 3.5593458586814344 
5.860520161438338 13.708479166489653 2.4565105867718278 3.0598435685095557 -10.333323906528106 5.855127608229457 
8.69882812359973 19.153717212562487 12.09062210577656 -8.740611072942212 -14.879326402222668 10.3571168351042 
1.2387818327936082 26.468416038959518 1.8373095521224254 -2.3276597641253924 -25.786555884767356 -1.3306166469806884 
1.9317233233093876 24.09287463442819 14.091829440855976 -2.0102860729359406 -25.834069461105788 -15.712196991969014 
4.87643396479509 8.371850734764166 11.99860329019993 3.2414488988810124 2.5000034303921734 -11.067978029072025 
3.9731303197641408 5.280056337071791 1.2241945549840418 1.1236180514480516 -4.460205435952654 1.6838925128796856 
2.3542605865551534 7.5092903036769725 4.298082676972151 3.739915525574493 -12.5715608242003 9.644400518689514 
2.6883082385801407 14.039419276378718 3.2727074194970465 -3.4095589898446264 12.011521888441093 -5.401234157239375 
14.80348677196353 29.433323406945753 4.951108605752061 11.549672105792592 -27.359577364061835 -1.7444734834223399 
2.789112641244538 17.38660592378537 0.5709334237717886 -2.3765904893389176 -18.772350030481956 -1.7443092117849206 
2.0869486782701197 9.299172372331476 1.964744318131368 -2.565110036050199 8.02505557280379 4.097624100253976 
4.51239947073357 6.189590697256585 4.287937654326458 2.125469317401136 4.3451190880475545 3.9193634851967833 
10.030017448636782 14.574825429927712 5.069081922533327 7.945332817064547 13.478996679254768 -4.204709243706121 
0.644704306050647 11.325434529041091 1.8766937748363217 2.365695314340451 14.601707970826288 1.6229097815003986 
6.968953501724466 6.7997879963859 6.984115609082957 6.2757609906846135 -9.30432627817961 11.179482286345948 
5.421433698209655 21.389358063724547 19.3887169559586 -3.532604885945797 -18.651509363505735 -17.33985794137639 
5.69961755588442 9.376042516760375 0.9119016888612353 7.750040293751216 -2.5070224177482436 -1.2502682446159987 
6.0807303975299325 15.354818548818889 3.560178530306181 -2.9504485236729647 -10.721818450746339 9.476379674225338 
8.815903925860486 25.410197538799306 8.697804410880302 5.599140177816702 24.009620340565288 -13.407603560103775 
10.338401575223061 19.188605442483954 9.973748586160035 -8.482598251608092 -18.238991362835833 8.798092333386306 
10.400691891704183 18.267780865712435 2.7114026397873565 10.908780556414136 16.66838221858009 0.5483712206167033 
7.271578422177982 4.678142893344967 0.9155082165136391 -5.164000081599135 -0.9628506735112761 2.4301635818692344 
0.6627821672983419 28.373438300989147 5.30429296885586 3.323747543386343 -24.209483126394257 3.4337969554454078 
4.066252558417256 9.66879169257476 6.095436830959955 5.277524823847808 -11.545957673115328 -6.485005378855439 
2.1711144464816026 6.318674879559657 1.1853975945516722 4.2057472045219635 6.896517118084031 1.4632626285204295 
7.425099189825847 13.011277421207835 5.10227904866673 -3.6768495828062515 -10.379955208211266 -0.9428158816222026 
2.793926282481628 7.422571790253669 3.8707981984865527 3.980830295659292 6.137357849322205 -3.518974128956497 
10.309918070297336 14.360611811196293 2.2947087615271955 -14.68548510151815 -16.307766065551117 5.031973517948287 
7.317346799894637 9.801588620353371 7.333452934105057 -5.554426205859945 10.168472995277154 -8.21564273990187 
3.506909687537401 3.6736741475843067 4.52947443082841 -1.147040248457499 3.8852010682130356 -1.588309770520352 
4.238049850500388 7.538729775228281 12.99018732310901 2.375822005902999 -8.512959264013173 -13.203422724120058 
6.182743626988876 28.247411826726545 13.883540320669406 -2.337294916413656 27.647329105601756 -12.534957765706007 
6.102563185375462 14.206698533196114 3.05635260372543 -7.607760456611033 -14.803312561758053 2.429521483574648 
5.120371609081529 11.93525728333198 4.319213611877091 3.887701978344821 6.640945794504627 2.460962613708666 
10.182835678224977 12.598090316834732 7.4733009705278794 -8.87740719645228 -14.967146123842657 -13.405010632934758 
3.760162623623861 5.817954193129986 4.291973038213649 1.6340397088464633 -6.719614945535313 1.8967564954608342 
5.280617847592788 13.771904144574135 3.6815229121340844 -3.030827750198373 15.98666124071695 -0.6668688207175021 
5.671797389772474 4.437480958398798 3.2601738951946486 3.3153932493622698 -1.592433992188545 0.9424673217134912 
3.9447935950804687 11.523569114065031 8.822835036979992 2.235359765760478 11.542181235877564 7.270910439357344 
3.676206376852418 18.332807678577733 3.7481595119308553 -5.589679046428454 -20.00823756349381 -5.9885394895412025 
6.982733248814292 14.261381757630039 5.5864449179239335 8.466600859869223 -13.261143664488886 5.907655888190989 
6.022284136304828 41.363774552959526 4.898908101645641 6.926124715079586 43.8488642160005 -2.403511097445403 
2.434623536465878 4.948939439116026 5.368516255807429 0.9161492457145594 2.889097532150418 -3.4808432117170627 
5.399467049626407 1.9754391753797425 5.392891811513512 -6.010967884149897 2.7263351271545675 3.4820934056290476 
2.8313761537650435 14.553858062157648 0.8561526731527562 3.8395058985168653 -10.720640432918403 1.3891720078767835 
7.758456079746919 6.262679183398147 6.283328530895584 -5.653219853669915 -4.3918485077100256 -4.6570254046134325 
9.01686490926552 8.196347130578467 5.787463024554084 -6.409347159618179 8.640255482324562 -2.4312626020731907 
3.001450381680637 21.79296431025685 4.527379962248262 2.1354506845271826 26.19058677238392 7.77099411409141 
6.365131727967408 7.885563234933112 6.631076424113513 2.949741512564521 4.75341260780998 3.792585295614444 
7.107736613111176 15.660094819104636 7.673523165792666 3.7406713470179094 14.110451138231914 6.457633266886467 
3.793772175290482 19.007345404688962 4.417238051005162 1.5983887576766314 19.27246262678891 8.278930261839585 
4.923282382362021 12.208032251989806 5.0318526533012795 -7.977288771257913 -13.755799387339938 5.0087755443096755 
3.740862705538914 13.93736346935185 5.796604861647415 -1.716357127684267 -13.480474335316243 6.116534040083969 
6.55541203365053 3.885696884656784 3.8579193600766373 -3.6192545669794307 5.54389962724636 1.4045909029696912 
5.052250567804988 10.66681816307975 2.678662736780733 -3.2838871272991175 15.402508329285828 2.338108941322549 
5.827228704322025 8.337452120105521 5.865204322805527 2.8248523261209537 -9.87485364965879 5.225125213127801 
3.8585855569492504 2.1259702199667827 10.370173397791241 0.9158719299604239 6.942925455738004 -5.817589407785805 
7.51024610184808 12.645275737802034 6.766934499065577 7.93362003953726 11.59647375827021 7.399507946195033 
7.3703905847159366 13.468412683462589 7.298490551139658 5.20661234390141 12.83434094485199 -5.7689027211454365 
7.998556609662532 15.180713564771231 4.050654488760986 11.318548111877966 17.05125960640145 3.6469197493470755 
7.00037554799616 5.432202608101328 2.97712745415569 5.792798314296666 -7.769978333548477 3.4916251300849037 
7.0214913709961975 7.311919578321282 3.371902661227367 -2.9849058569377616 -8.294564714839009 4.035731292856152 
2.1513911153765277 26.85878320709452 1.7563903224281645 2.887961693055538 -27.665990232193376 -0.7707791062163025 
2.5387058016478057 10.508030062691269 6.009197676978789 3.434269800395519 12.656571746547412 -6.018666180024746 
3.388041065201525 6.218439021650955 5.932770361957009 -1.7298064994590165 8.11967617834014 -7.719225437180562 
7.093290771230625 2.5932782830944188 4.9700219988400525 -5.739993254466405 -4.052695517445019 1.9010400392046465 
4.395836570977358 10.87201495476225 9.727643582598056 1.0993752291984293 -11.501123281129223 9.638300159457842 
4.915930656411938 4.163392754727928 2.1199134649435885 -2.3756536434304527 -3.399699475807324 -1.5159510727689507 
2.1438270834474307 17.79546277258708 4.969152020315509 -2.941051514577651 21.12270262412077 1.6087155822915309 
1.9857828139439948 18.467834564145896 8.941968454753711 -3.736552071940728 22.163209030235272 11.985841320673915 
9.169700723689566 13.150276104273535 3.536758574081647 7.522960986745923 -20.666440258036193 -5.433455215263724 
8.346968901943404 22.91573546043449 5.537919444861674 5.232907467821365 -27.238347594197805 -7.758214052482373 
5.8807288589338444 5.130913918176141 7.433763011070345 -2.0922536552322235 7.527106747152964 -5.072825825037896 
10.1898543445509 18.782445943434137 10.77183891795654 8.956886359545706 15.786297578839067 -8.263105013139674 
2.5177703465144874 36.07481254548084 5.735239965791087 4.363862167207907 34.70012711657734 3.218895296607084 
9.060002366048748 6.55086764618365 1.8076069774952126 -6.9644325390293185 -4.8488600694622495 -3.002357549498753 
7.488837008127512 10.7378512108457 2.4998706342001182 -3.8290693834345966 10.741840942885375 1.8544291578412357 
1.8770356056203077 5.130431045084826 2.6631923559259763 -2.743586632907429 10.41925062692177 8.091820288321005 
5.9933484928187974 16.990405917990728 4.304728600559563 4.691593156164779 -10.545110047188262 2.242074056442238 
3.09569748412395 24.927465389918062 8.764026506453797 -1.691908066380277 -19.09241080590853 7.4245012886117125 
3.9712104427026214 2.6888857195632276 8.009592207641845 2.4603325607255573 2.1681276409296224 5.735123936839326 
6.775772130662187 4.6113705417727715 2.449134108908284 -4.075066958952837 7.287021806016619 -2.4211622703080096 
3.384497161378147 8.399081568117591 6.037512542088788 4.61917194431649 13.08085349763299 3.528573857267913 
5.223467251990972 28.34766784599149 3.130230663446673 6.223307396841468 31.13722334720896 2.0761491192263435 
3.0515190731719755 13.427843916766065 4.307430298339342 2.1127605125580664 -15.360083851416501 2.320441077928195 
2.402053481879219 10.580698395138837 8.460269360262801 1.274554611803531 -10.024597866140152 -8.304523699171316 
6.64696312715746 6.559310692230911 5.505367443606886 -4.509095441121115 7.200158319089081 -1.9547842561792144 
2.4405851558517497 10.232313716522983 3.6958097203426274 5.021169228108618 -10.419031009319667 1.4366234156939224 
14.69056318676372 41.365492118329634 5.981590158554204 -12.077813042467662 -40.9931471960508 8.02147942592606 
2.699970059924562 17.095339343550634 2.708304031952995 -3.2680839236891277 -13.11029324784119 4.250719359980898 
7.725159810061267 6.42719044861166 4.439858980278027 5.166358665103158 -12.257542454760733 1.6360985820138403 
4.203327379811466 11.445431196133818 1.8574839579351026 -2.1261787247241846 11.461435281402954 -1.1279018399358007 
