noise setting: 1 0.1 0.1 0.1 50
7.410253253087055 9.579337140742592 2.547175034961625 5.740797489910532 -13.52570520365026 5.491387041405154 
2.5251822367577463 11.890523926077707 3.79647662046991 -1.929192858460297 10.545344083484684 -3.390787487119915 
6.517438817125311 18.042919215311546 10.610131734442202 -3.6356297503440005 -19.714011936462043 -10.604814101744862 
6.237742336266479 13.387148281701046 8.266393970213054 -1.6336371724703476 8.006821102597957 -5.476356124432954 
9.616223430369498 18.536511168679525 3.781996126899057 -8.148878740649463 16.892521589407533 -1.494456362929882 
5.398338113722203 22.451231338470375 2.340532411109029 2.4269866926344563 -21.25096415557163 1.6670512044714032 
4.139483900137538 18.02673165473621 4.8407196129545556 1.0317678516257078 16.88396883155909 -2.2575827541750346 
14.608741075682328 7.408931366583721 18.463038570955494 -13.27958065891038 -6.1062068166106025 15.759136701046177 
8.157196498954487 9.683309299628753 11.45210915391808 -7.158945544022342 13.261172142650896 -9.032321962060221 
4.747462300219005 6.354280683124917 11.572149995537547 8.433524831924256 10.992055426140803 8.118351448773328 
7.926088161720266 17.785500792136403 10.545413089235865 -4.8268304823442785 17.2299589896246 -9.440802466646101 
9.26682249347485 12.425321096296985 11.793403666641048 7.311258312990527 -15.869591146648387 -10.630729515924457 
11.641666622981854 11.737008227201187 7.326388847463207 10.619828112335927 -10.954636911229214 -8.632179615177701 
2.011622022001304 16.675485628311232 4.327814953334296 -4.401996098593919 -19.6044676980547 -7.259676840438524 
7.165658070429765 26.75571261620889 7.417965490011381 -4.501446490471099 26.55138678008135 6.092046713511281 
6.974262083748423 6.538436176649144 2.233678577506823 9.14195906282521 -3.8368885767880276 -3.3099341284311263 
3.453192326720743 8.866109078727742 1.4276109828099077 -6.7287421198945525 5.429415064208129 -3.9278516935213106 
3.2036624626554087 10.46631386920932 4.900996573498564 -1.8975990558086988 4.115185704538217 -4.152488893966023 
3.785956530690931 5.118765162622323 7.014715997121075 -1.9103299618953276 -5.128800205837374 -9.774378923417352 
11.03605711595142 17.110341502060564 11.857573706329285 9.21716883181425 18.088023045972292 9.453379877501012 
4.796522906485085 14.090205943790668 2.14809733092343 4.933962280754018 16.95910626325808 -3.680638283398448 
6.064876997366421 24.65985020532607 8.906510077047319 -8.578937144381824 27.386117515968543 8.731103084677757 
0.47425835388545867 18.126923566073422 10.94228171750809 3.0526261579617975 18.078930081125637 9.720559726375104 
7.12181153946132 18.623528249802828 2.421259970647052 -6.981844829555331 19.36249262859875 -1.4872223800424538 
3.1857867011649112 13.929538225192275 6.70005919479792 1.1442649556921947 16.348234890147 3.971994066294221 
3.8765266297214187 11.032169768805744 2.729592552260059 -1.202419529002306 15.531589128593808 6.143063872841119 
5.680095539363109 2.239572386118327 4.21261517435948 -3.0207537797256063 4.476392135407854 1.8863749464847412 
5.336777543455757 19.969840252540173 4.347669740941091 2.9276280468988873 -21.17016679393189 -1.732766194088842 
5.5379664401947055 7.164252302144667 2.3907563851184834 1.3838971069764496 1.734441591080958 4.829393727350252 
0.8840139776939436 22.9000770473917 19.736104479289995 3.603234424911457 23.46667394309641 20.488596844741014 
8.024303829107277 25.600801003253128 0.2173777714977993 -9.351336686005565 24.06565744362971 -5.061363299065625 
16.03993261402461 15.66706277264322 9.273222411023829 14.990948415295849 -14.297384039544148 -6.854967194576748 
1.9373776468468729 14.293049622543808 1.424989631616732 2.0413478515804937 16.28482920213706 1.0356089548746374 
3.6560018317922287 4.972086643889654 5.020927132825259 4.258565653953753 1.9845025803547722 -2.4396342780211433 
4.503271123206791 14.471063991853335 5.284063281739157 -3.284684559172874 -13.369326634913751 -8.64059644841668 
2.5376031914415282 8.347620848370871 4.38189492882099 -1.4932805977062278 5.676461792920182 -3.5684028726488184 
7.442429203271148 20.87622917626545 4.16693846996304 4.2681283546835 -16.075498037831323 -2.3009679242762777 
7.509138803289831 3.5852500659304765 1.7904891513928822 7.77409719364194 5.082486818998366 4.153081337640929 
3.6040817176974667 21.3898504655516 3.2803964030523045 -2.6051284482069867 22.88489708389876 2.7312588252547307 
4.595911054871092 10.344251447369404 5.671459211505827 -6.209456772847412 -9.039464729550135 -4.719319576527142 
7.269948963680916 15.91947118386347 4.814107832954159 5.885972615343092 -15.241776041721446 -6.220194254458224 
7.876639641199484 5.020952708613088 8.087985198502931 5.128898069043634 -3.483961399232888 5.865450762624804 
4.779625712453001 9.552783232286346 2.696275512536876 -7.209731069043651 -10.95542426856118 -3.0124862335161975 
8.275943487159594 21.256715178199187 2.4100556827665054 -10.042416769354734 23.13938689613526 -1.398213828421375 
4.650563392766909 16.660418697999862 3.7286015251658187 4.417299894765463 16.602640778598108 3.8045679851219183 
8.837657517215368 10.403867031340477 6.568712450005278 -7.3641090234614115 9.042052323558861 5.120731286796126 
4.941535774790978 6.543059562734963 2.3098801915870872 6.60640146084162 8.433412753599054 -1.7838330031366034 
4.269681393082291 5.987754112546686 4.111984621458436 -6.055476786017227 10.144339808406944 1.562608917625742 
5.277459526837841 6.680639703090118 3.354553911477434 -2.417425615795911 -4.492236928280364 -1.284976833129191 
3.5715731902841488 14.31544975662931 5.254579969831308 -3.2240288803683397 18.315712082594327 -9.361172111905734 
2.261953234862479 11.40968362051795 5.734293868247473 4.239693055037234 11.595230206340853 4.596071921075615 
6.455252174206807 6.967733597256525 2.3655297785324962 7.624230974645367 9.35574904019062 -5.078189348088364 
3.340091140516737 9.160837120743142 6.710551070378398 -2.0323815076613783 9.15208458101922 6.133470957723755 
6.083677645193022 9.658940883760154 5.128576277871474 -4.651638386221084 13.295623478419458 -3.6056306104152136 
8.133023880907633 8.413337613077916 12.039189802885755 3.9579924642336666 6.656843257397728 -7.694986721687465 
3.815235803449183 14.69180828846216 4.492945200513988 5.260368390454746 14.29522149546766 -2.2246988216165358 
6.4366223199242265 3.489986810500598 7.938544983012565 -2.807938837433834 -3.6354593903986387 -6.138224906823085 
3.4974028438823233 15.401170838288268 10.575268545289868 2.9567628423702565 -13.647402259563078 9.565379095811577 
3.9960425046534076 6.316577501370998 3.795572143309865 2.4640305940947513 7.970435245623764 -3.687629804848714 
5.07662839453951 9.008044467150366 8.213444074199892 7.593654085398721 -4.922426175360968 8.423056364969732 
6.892438954718434 16.096216284258563 4.10359768475902 -6.057081277861857 14.105966580261521 -2.249732733134532 
3.556428250359859 9.523391016757792 1.3981720489794716 -1.3220749421488873 4.709656179191888 -2.044470119131911 
14.292743327112609 11.88341297924966 3.344550924992313 12.323295965640337 -10.246607940435698 1.5145911019479754 
4.108422948434328 3.835174625125069 3.508220581807797 -8.45166894273803 6.283099262816984 9.639324213020041 
6.735993960827072 7.3989882361441675 4.875838627772602 4.48135580038562 9.147887709878914 -1.610942276501094 
3.801791303609489 19.893025682094514 6.950548376410562 6.363699839528588 -22.60663908717414 -6.900690372364924 
3.914457925702978 4.552731974564117 5.4987340391902455 -1.1725021814763636 3.981440281385793 -6.6083449563256496 
8.474806394716627 7.618304757590842 3.235598864525228 11.476947496471496 -10.788929395871653 6.272371027843356 
2.5715118166798088 5.589150671883896 12.664058966133553 4.971116666805203 6.193386925121022 -10.2599776832911 
17.377415477559886 9.298258913962421 7.886179791223841 -15.532204733884267 7.473395245949102 -5.025849887749211 
2.264297730519966 16.853600490089324 2.902094012635561 -2.252991973702388 10.65494612278472 0.7709432673344392 
2.223945029549949 4.958179207522008 1.5437350805236083 2.7218105463410764 -9.56613843867653 4.230300391919104 
11.134653473215959 11.228822160465622 4.363290430299408 14.638660225576249 -8.657229348569231 8.087193859745653 
2.2331233339010748 15.73776391433903 12.43565832404861 4.450964958160216 20.38670189734501 16.628072853305227 
3.886873358438821 15.386203045921707 6.964176593049069 -6.802272260141812 18.37189313453394 -8.824714459881832 
5.22869913703858 6.804407095277081 6.738286989659183 8.36250327991848 7.947514047539062 8.92822054812129 
9.3682706846126 20.800221872397064 9.912119673688183 -5.155001556092 20.323140550386515 -7.621734028368063 
8.89113306672452 8.13952685013681 4.067841699816527 -6.0519499354805175 -4.321535490737049 -5.841106716615989 
9.762856042017717 12.546235444370362 4.659730012660538 7.439438927342874 10.354599072057297 -3.0352729208426426 
4.302642056228429 34.43257623369248 2.9514216031945932 -2.291271965300212 -36.065276879326404 2.1639310690687408 
5.46582299451172 18.617735832943012 5.826944207680346 -2.6638247052412365 -13.848685199420569 -7.127259912135059 
6.7539916353100065 19.163679579681066 3.975083838495316 5.189876132415405 20.575680834201506 3.3569852118019257 
15.766212739630843 13.268974286115924 8.71363031316513 12.202459906968224 21.24328888630379 -15.184365695492037 
4.484209264718793 8.525942230395104 4.179501329100307 8.141514029777655 -7.3666341599875205 4.862944874161594 
3.265771385556668 10.759440681484074 2.198961822309632 1.696476595046053 -14.254209061667742 1.1563283543285703 
7.483409185372598 25.464960936351464 7.4044363913687565 5.354081139301938 -27.365726912052985 -7.20729130890965 
6.024588795792286 15.484562326976778 6.88806053172815 4.831402290416109 -15.391166392753155 -3.4079092939589604 
3.356911868759963 4.567759286215613 0.4095358450510267 5.693798422590325 9.063471099427868 3.822557528945247 
6.509525766119604 19.106080973624486 8.79399904190327 8.089499588322907 -24.917904499120443 -13.70602909421054 
2.410360195883138 13.103241547975832 6.487746386616891 -4.695852840594959 -12.035309213592551 -4.749891208572042 
1.9175743915577599 10.050778150993047 6.060505384200836 -4.215478714892455 12.87948196872072 2.392326852571372 
1.8263057003735594 12.723841043900789 4.016819291015702 -2.457329771015669 15.242441905181655 1.255415663719935 
3.877679114970564 15.120329714538189 8.78054312113342 -3.669762002773835 -17.444606349422322 -12.003877687914505 
6.135650311906016 7.4257183015983435 8.438656722778392 4.970948593295196 9.541551277723954 6.959940833856892 
1.5688086377259505 9.026515433600625 8.194981323480588 -0.9161392206647634 12.773242331336839 -7.177070166689499 
4.110746653627603 5.1649525783272825 5.659127598477031 2.8481795974574515 9.356652488513696 -1.0887545344766003 
7.5399224598001116 7.746808302713391 9.022180301569062 5.555020186945206 6.816714858846753 7.641265072158247 
3.172995599010732 25.30772220534221 4.17915111680725 -7.2327198374778705 25.985973401901227 2.4785876755860308 
2.891157050974289 4.243671373685658 5.231507434689443 -2.8228967268288367 10.15531631209263 2.040666634696898 
3.093131237025358 8.414715750839047 3.3148685043870225 -2.086320688545781 -5.394670224254321 -4.27661459549239 
9.795517354243643 10.883564432245397 4.652664375426341 -9.104498710931587 -11.8500252802555 -3.0424447762586198 
3.917718322388118 13.224845707937922 4.780845037900231 3.3523697836889075 15.71096955787377 5.776427956624208 
8.936009886257667 16.907571908925334 6.817902030410057 -7.995981998038008 15.190921260672994 5.474007794103229 
3.165198966456154 4.553510723175743 5.41162057350439 2.0759468665062926 -1.3297489140436813 8.732434453448896 
3.7856296862678134 12.97602894899023 4.366965356974008 2.085586493811808 10.110858021333009 -1.2129272374101772 
3.093506993827593 33.70176617063841 7.722460122828652 -0.7649340612623062 35.16599117992961 6.5909879626429815 
5.92019919137028 3.321246945441235 1.7888279051464868 8.01958586162777 -7.700989037878551 5.757619329570188 
8.235706512969175 8.537186497619928 7.408642738154 6.042730193214573 -8.366010603634981 -7.623773484196237 
2.4795512964364144 7.195927800665115 3.8115373397823906 0.8978422344023604 4.592125901897627 -2.3387062493017976 
1.4483224539402226 14.761634741170933 1.021131669799185 2.4200479926248186 16.13278506081997 3.869830208895834 
2.9244865031705203 9.032285081677554 1.4709598804770403 1.4307701805290753 12.49274952344521 -1.8932963031977061 
6.432043313736492 27.976713618564293 4.906579508614161 -4.253748366506443 34.29778041791113 -9.439398955229455 
2.050922193622764 18.270134763855012 8.574104984840032 -1.6948777282437781 -14.828843739841288 -10.728994732814728 
5.930919240526184 27.579432828789027 3.457295037734708 -4.852515329360005 -25.358816791824314 1.4860357483962465 
4.256215048133122 14.671656478685733 4.762873381354678 1.971261340527386 -11.42377112985845 1.290436994862357 
5.000647822927705 8.392715025566586 7.791248315900415 -3.157093874466674 5.021813920308968 -4.576497409851271 
6.095769281907906 26.51007763305723 7.149997590414044 5.973121792616513 24.214335164925046 -4.740413522277988 
3.7556436050937805 25.256867726345142 9.017457964446082 -3.634373980408583 24.311038231319326 -6.940428258404291 
5.849963644297259 6.919640778212881 5.826388259200984 5.267520418267304 14.17399115420421 -4.55252922150807 
1.9096769362403427 32.936739708482754 21.523312239610487 -1.9273070363947902 33.37513194575733 21.136233083661747 
