12.901347729791173 38.1018042591819 33.662766880940545 -13.244567080062854 -40.67836599476793 -34.83884320093506 2.004657691526284 1.9876509885809164 2.5944125711096664 2.589308655360482 2.2874188526830816 2.271081645482936
18.93014670033629 9.44816526426168 10.81366865032862 17.559566678729308 6.214030159010133 11.86684423331325 3.1314847253893747 3.1374109924380003 2.9462115224995697 2.9588443703036544 3.2677318741314045 3.2810980092076805
20.64986755261884 32.56348566329526 12.432943107154317 21.508788825722124 33.14244451758924 11.588248719243941 1.8937237729764593 1.8960428153780604 3.1454586156756856 3.17160640501669 2.3942969284545486 2.419060201412484
18.308252042088235 34.0800956897327 16.63449733935067 19.693005230123756 36.35265013156626 19.704214118770313 2.147038650454001 2.1457257418853692 4.484007172151408 4.466222837379306 3.9680824165756006 3.9764655624568768
15.552133583866489 33.322832079899584 20.490383215319685 13.19006551432652 29.379399751421 -17.798672721794205 2.241685444730266 2.325108776504109 2.3499638570330945 2.4305381334648453 2.5419519785769435 2.6224629344864434
8.306679397006176 15.269640476663179 6.921202515361508 -8.34046951969879 -11.29128850737084 4.768215921623332 2.0306328279122905 2.0457135244952704 4.508860605564154 4.555189948109652 4.3113577978072355 4.370129964207708
2.100471336401128 37.30455654897025 8.129636482341015 2.329218394168838 38.85733053940929 -9.445355037876872 1.8891422420615906 1.9519529554496842 3.4467431297168005 3.5736575847778056 2.126027883832482 2.210675307539149
18.75762537793783 15.379970890346597 0.7743863251348713 -18.84916744380423 -12.663097378299703 -3.2780668035729157 3.1035688340956837 3.188914292854612 2.350168016127598 2.4204112898484853 2.361193072526575 2.438701265820357
1.417111027526161 22.01684084092607 14.439566896555554 -0.6565878038754597 19.635066062621846 14.615985818451167 1.6206475094593422 1.6731343295919845 3.771273903188701 3.892882947803826 2.3890301470987234 2.453047922134584
3.857303333317952 11.43863630827782 4.984750422570012 3.599247162644488 11.431508597893432 4.961670683977573 0.38737697155039447 0.3883297878795554 0.9657580057500814 0.9872809979311329 0.5426894792630448 0.5440730653591678
0.831292828259847 63.67028917431243 6.589580263148907 -0.8151332036965713 64.69765009426433 7.582089790460078 0.5093276524082093 0.5189752517867863 3.666443430788049 3.767368818417932 0.8841899590625367 0.9083426238586474
1.7613662536319454 2.0532987333186883 3.023899416259798 -1.7875063096530084 2.5844637116903924 -5.646829461290176 0.2806835107804601 0.2851832340819005 2.6339413245805274 2.6910291820012744 2.7960710871274714 2.8685369908699068
1.5685044180163765 35.707257264258956 1.235878925195561 -1.244847349501216 37.27069303970746 1.2569178970563284 0.5528418304473142 0.5684616796285444 3.970097039894012 4.0540127764719855 0.6777254581828307 0.6970214757028518
3.765649105036081 23.80195700683883 22.357351945902966 4.049913609659814 26.309614371077963 24.54004144418708 0.5521353028603756 0.5575893568742086 1.2344034018540486 1.2828306157439688 1.2821653824308328 1.331993311994042
1.3402454053085324 25.4327367466381 2.6390105874183716 1.36578836807218 27.662661790373278 2.733069565787824 0.42111230963333 0.42730576516192 3.510367014774384 3.6176110640149117 0.4830133988443495 0.49110864819740196
3.8027167312405092 25.231628577498057 4.79904850846533 3.884932319235997 26.175412084959184 5.623350388255422 0.5994075979223522 0.6074523267807741 2.228105937360779 2.268315963870836 1.113012304104537 1.1291130884839533
0.7785921232456731 5.430204854380537 0.600940998690262 0.8153130119443912 -6.384799337851142 3.1321262964837238 0.3374815982786682 0.34177437301811364 3.2337205149949013 3.3006364782133764 3.6713717189287562 3.7357549655202575
1.327803402743725 25.286625774001724 15.753423501672872 1.2598100633424176 24.647625424783755 -15.840141950427743 0.5546947161017367 0.5629372708534903 2.0617679610483104 2.1084867652070978 1.063917068735749 1.087110467387451
5.425191500053491 30.30697699511007 21.986934226243605 -5.214183097675927 33.44268887003554 23.47303793656104 0.5814268361696543 0.5954067095058205 3.7550347663681634 3.8675906577389063 2.7827989311785175 2.8830055015222356
1.5128032115398142 19.878432593688785 17.79346949237743 1.662665821325741 -22.127790420606654 -19.601295730938915 0.448903324045032 0.46916192631394527 3.230680565301108 3.369643801612395 2.583720664931545 2.690214008236942
1.9471538808625914 10.536086807049927 3.046640042633649 2.110837914194791 -13.776983037543044 1.5512590845489937 0.3029211239031226 0.311759248314655 2.436402344952749 2.4977596882596593 0.7700385488175445 0.7833409768756301
3.838889550580693 19.711072023567375 7.884990159404327 3.9864931484113453 15.865376529047259 7.609320329444782 0.2628030045294222 0.26884265290962234 3.129183844020143 3.234305259642272 0.5601654143643705 0.5861900800905884
0.36439175787959704 33.21718921986443 18.885151016670022 -0.57533213359306 36.93451048294886 21.200739754101892 0.5681633472488345 0.5718702059103897 3.9158277395100534 3.9226592773239433 2.0173500622602676 2.0819881630162156
2.4215663011808672 30.076885057426995 27.65621075656857 1.9929868274341322 -34.05683736304777 29.41097887716863 0.6580443547730319 0.6630875322441228 3.795917034316914 3.8539261713034607 2.800085336732032 2.850042398890771
1.8995362805113007 11.58613061207614 1.284727319121824 1.8960212866881359 -11.079777796697368 1.872435654010535 0.3323333605927748 0.3283519485762379 2.373963435206017 2.3497437483321804 1.7368515964992486 1.7278020163992351
2.927536505255865 10.34625386917506 3.867805773754953 3.0255259894258564 11.676897379075275 4.012962113338517 0.39860961280186014 0.41318795893772775 1.3215900125714684 1.366682645601183 0.5945323767572827 0.6180694317778068
0.9130215994284182 17.871993543694767 3.5706433209658304 0.8291914141619453 -15.151340684045145 -2.6408164148325666 0.4270844608688458 0.42484096596516974 2.0450545019511237 2.040455415054669 1.8221450671994899 1.8233836267219186
1.9273313560362522 27.82181694818245 13.46715038746923 1.1090218320137415 28.356064117936295 13.836832755633498 0.476281180814794 0.48256968591809957 3.1186552062838104 3.1957649239597536 2.2554047396194155 2.303910591583858
2.9229912944117933 12.944619773100865 7.641946899492647 -2.771703921077389 9.648049022029996 -8.570717672191421 0.5094809767119379 0.527830126836583 1.3290120871799556 1.3747554088646685 1.6128693883342327 1.6613435508240517
