16.981376094568947 28.04568862246648 21.22973944075164 -12.582526008428593 -21.0583306009977 -17.590076494280797 3.255684194495186 3.30450251048278 3.2631574257119964 3.296428942906739 3.3009334667365393 3.3584507171789193
16.701037439812225 37.55379579108386 26.012417600258917 -11.889655436516232 -32.03543062677104 -20.13531193821879 2.515242823352856 2.5580413218509905 3.266531681630114 3.325414316153475 3.0745844650497793 3.1344227024419724
19.192218888022563 20.77941517358236 25.304279143583855 18.157941318440084 19.171109217133434 25.813441198800074 2.750815707090516 2.7638724916970627 3.513735625339476 3.5415427747095523 3.017358181375204 3.043274309711896
13.415615331898751 26.051725013656043 22.96098302279021 -11.208113377187049 -23.162685545520684 22.78884474549937 3.0106186877336114 3.0596949970970226 3.715543860916985 3.7275392651869197 3.019896334979127 3.0291247750382997
16.078343475232842 18.56393386298523 36.02649882173242 -5.921302487623116 16.334276109329377 -25.70004527675948 2.6534070966925825 2.6332597021771385 2.1496847763185407 2.1694203223267587 4.047424799125798 4.056445015571933
20.838879238976936 15.983607340503868 20.884783984955025 21.932306888441918 19.941945993863836 19.904924246989836 2.1623171974289748 2.169328727539912 3.1794941025415953 3.225114768850376 1.7388031649914417 1.7692527777939955
19.228359350719153 28.050328527336415 20.363568800911978 17.317931631653 -24.712513190630695 -8.313900864635533 4.433160559383063 4.528101975288256 4.6633172432314405 4.770624065009887 4.719910858307397 4.82100393209311
9.20147393417664 22.7564128681549 17.597325685443785 -4.967256838709214 -9.663057772446862 16.876812562394296 2.7295227945243092 2.8298990260443113 3.8667170633595433 4.026807506043341 2.5347007918458493 2.619809933999975
27.572208920423936 33.91051412357783 22.11835934773001 -33.45968624493761 -39.72936187990349 22.825380359270408 2.84412602176815 2.961488156783423 3.1058435315788433 3.222284719697619 1.9427837190791855 2.0008218990417217
10.96779189260817 27.766712666642132 9.923769015126577 8.877429224481606 26.37943826073083 9.622207002363336 2.44021460897122 2.486405565099763 3.7491402796053857 3.8755016053883615 2.5627051078491876 2.606691981321575
10.32243890652588 18.251256559921455 16.16700972061465 -6.907066837786666 -10.571219972585531 15.462810862649853 3.2822026548260936 3.4133802375801126 3.1843729089462482 3.299345241946645 3.0571469029535594 3.165045097581177
28.820533575247048 44.512461390879096 38.41722647121187 27.54327150520851 45.06736639870616 37.73791822099663 2.2492285993369396 2.2949308006434435 3.4379643335467813 3.4969965212955403 2.669791194323064 2.7222893800609596
16.658277029348522 25.311078642747734 9.957542245048574 17.50505504949056 26.175803529501284 -13.045428953988429 4.952883745903991 4.971481328823992 4.801133993536467 4.821704812469846 4.686288720110598 4.703433368368448
22.914280591932936 28.566609654189275 19.793260281489363 -21.092955595233704 21.074455325063905 20.9247283165891 2.7358888041054903 2.828559442224791 3.2989863802365162 3.4148165780796362 2.391900576950687 2.459793891770304
11.758468951411945 30.808072206750488 10.880417246354988 -11.097899901417643 -29.21063162438802 9.870288080134305 2.429741059188699 2.479705519835277 3.095689902218375 3.1942038933513732 2.2144060593003836 2.2681982891525165
12.644687847823546 10.60215866812175 4.984048975227634 -13.92082067101626 11.062670799805712 -4.0454667737957175 2.9116444386344766 2.9616294593536514 2.734872908721657 2.7741788598924524 2.5300735359689774 2.5505486358231773
17.40659726852917 17.180966718317624 21.477277108419226 -17.1241864010765 -19.134159701496337 -21.37385126198086 1.8792450614321239 1.9522588862725168 2.9103787811788484 3.0431260388673573 2.356210001631875 2.433901060394975
8.300430828643552 20.46837163363788 15.405212619270845 -8.349337363138055 -20.677280223645734 15.176664640212845 3.8637924638124113 3.9443441843418974 3.952669324502866 4.021692435938934 3.7749556801900157 3.849205416662426
10.762852209492552 10.338554561126115 8.420994413863127 -8.664094426945098 -10.392953531965173 5.5457673628841375 3.776560312374903 3.8654795945696705 3.720822269813726 3.8070712958263577 3.86226264611455 3.9550352644747706
13.050289240976255 23.556005083638105 15.771834109326715 7.57044423660277 -14.87670973824001 14.77283566338183 2.5752113992923094 2.703293803796189 2.180771572273466 2.280822095869536 2.8646518430670302 3.0097699893366903
