0.7217950142472161 54.34317399043824 50.121484843775086 -0.9024150726886779 58.13545642115186 53.13374335490726 0.4932301005753724 0.5085339281641907 6.1860745719167305 6.34344957220834 0.357933648342894 0.482614979726871
2.585269836108485 43.18957351727287 27.10951046407157 -2.878133940238342 35.12923436763209 22.82983264353371 0.35938150345884656 0.36482744499456665 3.820751700294676 3.8682589729246635 1.0122931623215514 1.0383778622593893
3.0378551871337147 57.33085034818685 48.85063997297485 -2.9268986904922394 52.836807556178044 47.008661055576866 0.3599761209237594 0.37388059343106445 3.546647975472453 3.6778793637792013 2.636697151402103 2.7231764671188614
5.321790846111358 15.08535613497374 20.97156121989675 4.869499014510035 17.133217146738684 19.78789407586269 0.6284577300568094 0.6503765421777283 4.143307238740173 4.303782303113907 1.4859335516278778 1.622459149124107
2.4688635581725653 46.58285292050801 37.493119085196895 2.278853101697722 -53.194048439069604 42.199916091012234 0.4623776121393459 0.47547304677377217 4.247545801183161 4.415277968394544 0.9259084559156303 1.050237847008283
4.023643824260564 28.224461623058858 27.85017080656268 4.025676508809464 30.73970433432681 28.407780378920393 0.4206463223314848 0.4268313523200692 2.8068056744103838 2.806125194042707 1.899487380274029 1.9128232138448364
2.2974960023274 44.43135462526611 35.60113791983172 2.185909518365169 43.58748492993935 -35.57273739396262 0.45605375991426983 0.4753467626988209 7.4555122632517 7.797927148992687 0.856202679557925 1.132182831220321
7.221748758403855 51.16804793679744 32.901740379013845 7.151330686625377 55.181591014843335 35.155787656617576 0.315772407761165 0.32671892648031114 4.2247338034431925 4.418893086963266 2.4235068610042285 2.5259653630196266
2.540639575357975 39.9973920204265 31.70559738479069 -2.4967544643007242 -41.57279081961803 -33.62953039155819 0.28649396295408935 0.2990348669713525 4.616443193071346 4.686414227384889 2.981198572430449 3.03639501051669
4.127079736717293 65.93651152558462 58.538889831045495 4.0701224477853515 74.35727185879048 64.87339341011725 0.41886056008452444 0.43755784891132404 9.426944342701642 9.638595400893035 0.4401545569749720 0.6539595704963315
0.48416686447601626 69.20959038815529 41.741646399275176 0.33961021896615456 75.5898317694042 -42.342122672949984 0.3584327135257074 0.35849089989587546 3.6016235482249597 3.617394854196528 2.935513011002802 2.9855604615046922
3.5476247098926583 38.75322485621287 33.781698599165836 3.36697112005935 45.984747697761364 37.907314915356416 0.5442097372920054 0.5620012251902653 7.7247777234065325 7.889240288653771 0.905740592068878 1.0371097016959
2.147197485130436 65.92413027048266 36.92908518524434 -1.291270195348983 66.03906535545119 31.636070770154753 0.32096958561680317 0.3244293442589995 3.3497439947704253 3.3559850036088443 0.423851188957844 0.430866133885765
2.519462756849928 46.2457262422256 40.36258409678798 -2.6114792055796 -37.59422563548646 -32.12657578614754 0.4792905424971396 0.49480472517510343 5.987695302388116 6.17441391944306 1.373508096891835 1.551110838050304
1.4397872594983412 61.06869276607383 51.622778160653205 1.405812199787771 -71.26525650649795 58.22726875081943 0.1714403710970806 0.17239603501246367 7.799529046163281 8.024472927155788 1.055071225151634 1.2165547844198565
4.930010887706892 63.69173325021471 53.06149477374529 5.042603035304299 67.77376904254461 53.60032382036231 0.426552621899239 0.43926288858983426 5.840269263609099 6.022076483131913 0.7822085725311068 0.88686341901823
1.9524880553557207 28.934712033036543 23.557734762750005 -1.8679914224923995 -27.080311000298753 -20.736500226220777 0.554637667832542 0.575176788913651 2.2545363117728714 2.329582618626085 2.3194292375699566 2.3901929642219777
39.845036455219876 43.30635656479803 31.37277577511835 41.7068410043015 46.357266295728635 32.656101947589896 0.7761705810998372 0.8095693115702185 3.3760163733088504 3.4423273107141896 2.218249816101085 2.2754122165306923
1.4585835259730018 48.11360853544093 46.602265042097535 -1.7517605178408935 46.93171262839719 41.06474982997383 0.35222462771426405 0.3561409398594167 6.488432531517958 6.581467473818672 0.456687491394186 0.5404842295366405
1.7947088745783601 54.92047041460755 56.711387661544755 1.9065206340328813 63.75302853731662 -65.14233796522824 0.4651184535303111 0.4688776320226521 7.0806403241489715 7.226441113006571 1.161752681215651 1.316232608317536
0.6450167406635984 38.212363366707606 30.494895388063657 0.6150917081342625 37.46974250173044 30.255762809796774 0.06587110568038554 0.06749045176682547 3.6864657743060163 3.8188391206465875 2.4725986165668044 2.555555418130041
0.1406784789906954 61.118969099921074 52.60872413340817 0.12543242709774965 -62.26318189809839 -52.99574536644582 0.03185109423769059 0.03310291582699529 9.200568293150626 9.636015664142557 0.71060245041661 1.094244093671982
0.2588258578722994 52.24021175093899 18.983140141391797 0.237911536210061 54.08102357960794 18.74556523200288 0.04086676162755644 0.040781099419814774 6.461173402099758 6.425041121357839 0.0916885955038251 0.1109433225327705
0.3210534795173745 59.834244384314275 33.745354007573354 -0.3181755212750493 -63.56066775268532 -35.09159305264832 0.04301213433103964 0.04388159266183326 3.5548345768324836 3.6368690142816305 1.6889087260023257 1.7307818563126411
3.087256530859562 38.24504420934699 1.6323515907139767 2.9249836089241663 42.20469675749945 -2.3163955674156966 0.3863007814543832 0.3997853736202398 3.7339127141055 3.794696171723994 1.0533783345823011 1.0867839422264232
3.0381552668530913 53.702917461839014 50.4904894040381 -3.0737944486185227 63.32634433830327 56.53231131890964 0.27437199254819244 0.2751778749921363 6.926612976458673 7.049708635069598 1.378300028813142 1.515279534401965
3.3158427089799827 60.38551771342383 2.461478828234788 -3.321989818062995 59.408803864253976 2.06680689760796 0.4324264617603265 0.4482081392728364 4.614541014784452 4.733835063863975 0.650090415183548 0.6659970675750849
5.321108746903898 68.05049789942643 31.984179513201546 5.06861229648458 77.56230008254846 36.34514433414371 0.7965421030792501 0.8085920654412689 8.321556913034703 8.5987481866156 0.985234370205544 1.147419107395512
1.4274987597380489 42.61447652242388 33.49686432419555 -1.5468196834866255 52.47239960394159 38.72896047989586 0.26634919084094544 0.27785627108281313 8.231877922429948 8.506985723574623 0.845649256609484 1.071644675953712
2.7469456896943676 58.112206004304205 6.761515334040912 -2.9437016057607583 61.509850785380536 6.678711135369014 0.6835832343766388 0.6947223539978064 6.919657123497098 7.0177957913968 0.8114671798022866 0.8139863687697148
1.5971247831432702 53.072134601047914 4.300594427741174 -1.5811282894769416 -54.43970299521619 -3.7888835706876023 0.5989197850193061 0.6093588590775761 4.400157346953119 4.386427031487896 0.9262381068354493 0.9398460692135553
2.991868233339334 49.758854927295744 12.146901349131538 -2.4719378156583303 -52.167061336149445 10.034905573892642 0.7930736637054315 0.8004319962248196 6.216582118614049 6.317575810653033 2.9523462842826356 2.9575990329947244
2.889041527180045 60.96085370647554 25.37834039338331 2.66525959852972 -65.90480073142132 26.171609531619396 0.3344945576993881 0.34153176385903705 4.4251031922361355 4.558643642766116 1.1536490865185345 1.1652692283561414
2.166168969954805 46.8194052079522 1.2568851842674875 -1.652793008567155 53.4266571723133 2.269208116509509 0.4028180517628469 0.40471445587291666 4.601237351568109 4.64782041338376 0.7439403895299606 0.773546025769174
3.1339293000455486 40.24170717812664 22.429293540081023 2.8988832736982997 -41.33438574356727 21.75322672264194 0.2989010572150933 0.31473539493171365 6.47263472772828 6.687847922691125 2.4155665859846858 2.4938022666194923
3.508421534963472 39.1653102547968 3.9072209527258455 -3.4612758566957336 42.550913626629054 5.924384031428573 0.4582148985993134 0.4571425013374558 2.2575359831279473 2.280169992212977 0.758824297116777 0.769585056754805
6.102283855016884 59.47444464692601 28.388916286940038 6.148112523029564 64.38781738151754 31.443390227641096 0.4448568533725964 0.44733704747324604 3.994723280727927 4.125284760788203 0.9493239740660524 0.0141496791566786
4.8586649665190045 52.625586053141895 12.214865483828216 4.679408524351045 48.32721559510186 -7.199568375671096 0.46973304830202195 0.4812263783243934 6.805207128410835 6.951634985226555 1.138064767439234 1.296602741084081
3.4254782306844667 44.53059782229501 39.864332688593684 3.5091577378121066 -50.811379908063856 -43.21097939865833 0.3782150111032289 0.39453736192420497 5.279855333729579 5.470186908435371 1.035149093580728 1.203234899267571
1.819720045751916 45.541987996554084 8.113788563056813 -1.6860926849561677 -44.96372266967355 -6.543977339484909 0.3979685685831346 0.41105932162714753 3.1133543781653095 3.1768929742546432 0.4314936149095285 0.4655744791597016
3.13539988736218 42.58700815860881 2.941619469483801 3.0981146347755106 46.6396847192369 4.843635721883993 0.6851365026446069 0.6965731255349159 5.230186074643727 5.318527365839512 1.07663416542348 1.111627783784168
30.715540809442707 73.86042365678233 63.453567368765114 -29.90282677154341 77.24424900163974 63.42801425756751 0.9534060542086016 0.9685133317874192 3.7547792633055317 3.9008344069678103 3.2001039107223748 3.2308424837674132
4.437996469129186 41.91137772147224 2.1094842273961993 4.424173075076847 37.17596318565609 3.4375067035903144 0.5822250706454721 0.5779037007562223 4.862254425686386 4.828379489247273 1.6039851868564672 1.6022728497862353
2.327028439463518 53.736440430094895 31.090245555865316 -2.255205213487448 -51.436127968198754 -29.006241059694155 0.37742235407401176 0.38480565528073296 6.7197160315151905 6.8517646012585915 1.005676105663342 1.0178338166259
