6.141150346952241 56.08857314460551 3.9477495863942496 6.316724066667036 -68.27106528131458 -4.808079464930306 1.009863713150928 1.0409142373164246 10.895292734327578 11.197376669469872 0.7349123484762083 0.7543708063390842
4.318717763320792 51.61737822130221 8.460403126324259 -3.9795045366983812 53.12788443024944 7.063512261929231 0.4182565046471744 0.42658349591642547 7.5218069575743005 7.76017621163245 2.1326796879218697 2.1880178457677615
2.772075889601863 53.51076040602534 5.372926210784055 2.6366903051103603 57.3000931037202 6.898813722718542 0.5790451177563061 0.5828658010769607 4.864946822630996 4.946338646629655 1.3109302265615272 1.3364265789540883
3.3309578453364757 34.559404934212125 28.92207882074218 -2.9418557093784266 38.987016555839475 29.041894827902063 0.5367771892504312 0.5416932971400499 6.581136227435934 6.586034738370036 1.069868971988566 1.0344104934466545
5.31509937829177 61.79475142892149 44.06630651444853 5.260885138415196 -70.38896794098902 -46.76585979734304 0.58303687896898 0.5879301708614115 11.789570412888972 12.095012075270366 1.467079466324657 1.619203652639333
2.761128816026761 41.54505818353166 10.906356572885826 -2.7986127264966782 50.07391645342327 18.877457655853302 0.3271698937955746 0.33256697238220745 8.383866122578745 8.517481344184237 0.606642973873326 0.771033588418153
8.050437622960972 55.27343433966044 29.83525487810984 -7.938428059820813 45.32621826934042 25.611519666625355 0.603159334247483 0.6045551114167368 8.255607939281173 8.188599114509802 1.384994074036143 1.321311923022382
6.1315855677530084 54.859784182523164 32.13859824591425 -6.038141833158959 58.54361848899691 -35.92471154148305 0.6094610760566546 0.6356841379167789 7.260592940585167 7.573797191034275 1.280896734729798 1.393255348800016
4.834455024703519 37.511044538879126 27.83542220365458 5.051435734440386 -41.722207313144786 -32.622428080422594 0.3816609638959935 0.3967164328171625 8.207138897928692 8.474198782952389 2.0147466503423725 2.204519258024467
5.858076820630622 37.52760867746989 20.936193841527697 5.401168337835344 42.53625474863751 -19.84358583227841 0.39737070887789133 0.3982030894399059 4.874145050636971 4.936748118716662 0.478210430732052 0.49837822841398
0.7296960104387215 59.078996666212056 9.345447867954418 0.8063949490832719 58.30448834275494 7.264555725578638 0.24504605313825537 0.25216669358007865 6.843334945771853 6.969074675451194 1.7576011969505054 1.7782992878673152
1.729020266873933 42.24169784031444 1.2464439130656129 -1.6880412039948685 41.57539802912837 -1.0156910942746358 0.3324548390442574 0.33662682751499984 3.1624242084211724 3.203270079848477 0.4074864899538668 0.41590433316867903
2.4472871763333353 53.65550592035117 8.815358639682719 2.1629176371538583 -49.36938103190875 -4.6533058477051945 0.4124578007502088 0.4121842222019521 7.911694857356508 7.899197799346943 0.967468365077667 0.98830556722389
2.9930154143506145 72.51300773125232 28.293895963430508 -2.845135425958002 -82.2040891953566 -33.85401613992489 0.22458450698881163 0.22446417484194708 7.768824038667608 7.967249386603773 0.810420697244173 0.9109733561897055
3.1684562899948574 43.21762712949387 43.83024539793713 3.451805864522984 -53.65310531578591 -49.21623580820567 0.6138611072443729 0.6288753240853024 5.361469703971404 5.362978457464317 3.877278570481907 3.937803884330397
52.71379332166706 57.5135090198531 48.38729396936909 53.60151927667511 62.57535095421257 49.302956595655644 2.176430861453447 2.2201675503476803 8.402536100588653 8.579412651399357 3.7901981818458665 3.8742528150012925
0.44533218302198707 53.16120858738721 28.911348128720327 -0.8201854823016641 58.39813023459086 29.616073879150036 0.4773930085867814 0.48980375169677687 3.0332483252919675 3.1163883296237387 1.7708273896731874 1.8108907153983682
0.7087249362848737 49.39053626648649 2.2742606401101937 0.7577639871861859 -53.92566339518802 2.232767775405628 0.4473951028848272 0.45406352633343944 6.181338001769748 6.23214907508642 0.4432990007878531 0.4497359876503436
